Modelname
K-5-1-1-5-3-2-0
NumberOfPeriods,Items,Resources
24	10	3
SetupCost,HoldingCost,LeadTime,InitialInventory,NameOfItem
800	10	0	0	Item_1
800	3	0	0	Item_2
800	3	0	0	Item_3
800	3	0	0	Item_4
800	1	0	0	Item_5
800	1	0	0	Item_6
800	1	0	0	Item_7
800	1	0	0	Item_8
800	1	0	0	Item_9
800	1	0	0	Item_10
BOM(c_ij=NumberOfItems_i_NecessaryToProduceItem_j)
0	0	0	0	0	0	0	0	0	0	
1	0	0	0	0	0	0	0	0	0	
1	0	0	0	0	0	0	0	0	0	
1	0	0	0	0	0	0	0	0	0	
0	1	0	0	0	0	0	0	0	0	
0	1	0	0	0	0	0	0	0	0	
0	0	1	0	0	0	0	0	0	0	
0	0	1	0	0	0	0	0	0	0	
0	0	0	1	0	0	0	0	0	0	
0	0	0	1	0	0	0	0	0	0	
ExternalDemandForEachItemAndPeriod
53	48	52	67	49	86	85	108	110	157	149	140	152	143	138	134	112	107	112	85	60	73	64	47	
0	0	0	0	0	0	0	0	0	0	0	0	0	0	0	0	0	0	0	0	0	0	0	0	
0	0	0	0	0	0	0	0	0	0	0	0	0	0	0	0	0	0	0	0	0	0	0	0	
0	0	0	0	0	0	0	0	0	0	0	0	0	0	0	0	0	0	0	0	0	0	0	0	
0	0	0	0	0	0	0	0	0	0	0	0	0	0	0	0	0	0	0	0	0	0	0	0	
0	0	0	0	0	0	0	0	0	0	0	0	0	0	0	0	0	0	0	0	0	0	0	0	
0	0	0	0	0	0	0	0	0	0	0	0	0	0	0	0	0	0	0	0	0	0	0	0	
0	0	0	0	0	0	0	0	0	0	0	0	0	0	0	0	0	0	0	0	0	0	0	0	
0	0	0	0	0	0	0	0	0	0	0	0	0	0	0	0	0	0	0	0	0	0	0	0	
0	0	0	0	0	0	0	0	0	0	0	0	0	0	0	0	0	0	0	0	0	0	0	0	
MaximumCapacityForEachResourceAndPeriod
440	440	440	440	440	440	440	440	440	440	440	440	440	440	440	440	440	440	440	440	440	440	440	440	
635.714	635.714	635.714	635.714	635.714	635.714	635.714	635.714	635.714	635.714	635.714	635.714	635.714	635.714	635.714	635.714	635.714	635.714	635.714	635.714	635.714	635.714	635.714	635.714	
472.222	472.222	472.222	472.222	472.222	472.222	472.222	472.222	472.222	472.222	472.222	472.222	472.222	472.222	472.222	472.222	472.222	472.222	472.222	472.222	472.222	472.222	472.222	472.222	
CapacityNeedsForProductionForEachResourceAndItem
1	1	0	0	0	0	0	0	0	0	
0	0	1	1	1	0	1	0	0	0	
0	0	0	0	0	1	0	1	1	1	
CapacityNeedsForSetupForEachResourceAndItem
10	10	0	0	0	0	0	0	0	0	
0	0	15	15	10	0	5	0	0	0	
0	0	0	0	0	10	0	5	5	5	
OverTimeCostsForEachResource
10000	10000	10000	