Modelname
G-5-1-1-5-3-2-0
NumberOfPeriods,Items,Resources
24	10	3
SetupCost,HoldingCost,LeadTime,InitialInventory,NameOfItem
560	4	0	0	Item_1
240	7	0	0	Item_2
400	6	0	0	Item_3
800	3	0	0	Item_4
800	3	0	0	Item_5
640	3	0	0	Item_6
1200	2	0	0	Item_7
800	1	0	0	Item_8
1440	1	0	0	Item_9
1840	1	0	0	Item_10
BOM(c_ij=NumberOfItems_i_NecessaryToProduceItem_j)
0	0	0	0	0	0	0	0	0	0	
0	0	0	0	0	0	0	0	0	0	
0	0	0	0	0	0	0	0	0	0	
0	0	0	0	0	0	0	0	0	0	
1	1	0	0	0	0	0	0	0	0	
0	1	1	0	0	0	0	0	0	0	
0	0	1	1	0	0	0	0	0	0	
0	0	0	0	1	0	0	0	0	0	
0	0	0	0	1	1	0	0	0	0	
0	0	0	0	0	1	1	0	0	0	
ExternalDemandForEachItemAndPeriod
38	32	41	50	47	67	65	71	81	89	115	88	112	98	109	91	76	81	72	56	53	42	39	38	
18	15	17	19	23	24	29	35	34	41	40	45	44	38	40	41	39	33	27	28	26	24	17	14	
25	27	30	33	43	45	52	68	64	70	57	63	68	61	88	80	58	62	49	38	32	36	30	25	
48	55	53	74	80	83	102	108	125	152	140	152	169	131	168	118	110	126	82	71	81	57	59	49	
0	0	0	0	0	0	0	0	0	0	0	0	0	0	0	0	0	0	0	0	0	0	0	0	
0	0	0	0	0	0	0	0	0	0	0	0	0	0	0	0	0	0	0	0	0	0	0	0	
0	0	0	0	0	0	0	0	0	0	0	0	0	0	0	0	0	0	0	0	0	0	0	0	
0	0	0	0	0	0	0	0	0	0	0	0	0	0	0	0	0	0	0	0	0	0	0	0	
0	0	0	0	0	0	0	0	0	0	0	0	0	0	0	0	0	0	0	0	0	0	0	0	
0	0	0	0	0	0	0	0	0	0	0	0	0	0	0	0	0	0	0	0	0	0	0	0	
MaximumCapacityForEachResourceAndPeriod
420	420	420	420	420	420	420	420	420	420	420	420	420	420	420	420	420	420	420	420	420	420	420	420	
478.571	478.571	478.571	478.571	478.571	478.571	478.571	478.571	478.571	478.571	478.571	478.571	478.571	478.571	478.571	478.571	478.571	478.571	478.571	478.571	478.571	478.571	478.571	478.571	
705.556	705.556	705.556	705.556	705.556	705.556	705.556	705.556	705.556	705.556	705.556	705.556	705.556	705.556	705.556	705.556	705.556	705.556	705.556	705.556	705.556	705.556	705.556	705.556	
CapacityNeedsForProductionForEachResourceAndItem
1	1	0	0	0	1	0	0	0	0	
0	0	1	1	0	0	1	0	0	0	
0	0	0	0	1	0	0	1	1	1	
CapacityNeedsForSetupForEachResourceAndItem
10	10	0	0	0	10	0	0	0	0	
0	0	15	15	0	0	5	0	0	0	
0	0	0	0	10	0	0	5	5	5	
OverTimeCostsForEachResource
10000	10000	10000	