Modelname
K-5-2-2-4-4-1-0
NumberOfPeriods,Items,Resources
24	10	3
SetupCost,HoldingCost,LeadTime,InitialInventory,NameOfItem
200	10	0	0	Item_1
800	3	0	0	Item_2
800	3	0	0	Item_3
800	3	0	0	Item_4
1800	1	0	0	Item_5
1800	1	0	0	Item_6
1800	1	0	0	Item_7
1800	1	0	0	Item_8
1800	1	0	0	Item_9
1800	1	0	0	Item_10
BOM(c_ij=NumberOfItems_i_NecessaryToProduceItem_j)
0	0	0	0	0	0	0	0	0	0	
1	0	0	0	0	0	0	0	0	0	
1	0	0	0	0	0	0	0	0	0	
1	0	0	0	0	0	0	0	0	0	
0	1	0	0	0	0	0	0	0	0	
0	1	0	0	0	0	0	0	0	0	
0	0	1	0	0	0	0	0	0	0	
0	0	1	0	0	0	0	0	0	0	
0	0	0	1	0	0	0	0	0	0	
0	0	0	1	0	0	0	0	0	0	
ExternalDemandForEachItemAndPeriod
56	40	69	109	76	75	65	80	112	138	98	126	126	152	171	52	123	93	139	88	86	96	72	89	
0	0	0	0	0	0	0	0	0	0	0	0	0	0	0	0	0	0	0	0	0	0	0	0	
0	0	0	0	0	0	0	0	0	0	0	0	0	0	0	0	0	0	0	0	0	0	0	0	
0	0	0	0	0	0	0	0	0	0	0	0	0	0	0	0	0	0	0	0	0	0	0	0	
0	0	0	0	0	0	0	0	0	0	0	0	0	0	0	0	0	0	0	0	0	0	0	0	
0	0	0	0	0	0	0	0	0	0	0	0	0	0	0	0	0	0	0	0	0	0	0	0	
0	0	0	0	0	0	0	0	0	0	0	0	0	0	0	0	0	0	0	0	0	0	0	0	
0	0	0	0	0	0	0	0	0	0	0	0	0	0	0	0	0	0	0	0	0	0	0	0	
0	0	0	0	0	0	0	0	0	0	0	0	0	0	0	0	0	0	0	0	0	0	0	0	
0	0	0	0	0	0	0	0	0	0	0	0	0	0	0	0	0	0	0	0	0	0	0	0	
MaximumCapacityForEachResourceAndPeriod
244.444	244.444	244.444	244.444	244.444	244.444	244.444	244.444	244.444	244.444	244.444	244.444	244.444	244.444	244.444	244.444	244.444	244.444	244.444	244.444	244.444	244.444	244.444	244.444	
621.429	621.429	621.429	621.429	621.429	621.429	621.429	621.429	621.429	621.429	621.429	621.429	621.429	621.429	621.429	621.429	621.429	621.429	621.429	621.429	621.429	621.429	621.429	621.429	
910	910	910	910	910	910	910	910	910	910	910	910	910	910	910	910	910	910	910	910	910	910	910	910	
CapacityNeedsForProductionForEachResourceAndItem
1	1	0	0	0	0	0	0	0	0	
0	0	1	1	1	0	1	0	0	0	
0	0	0	0	0	1	0	1	1	1	
CapacityNeedsForSetupForEachResourceAndItem
10	10	0	0	0	0	0	0	0	0	
0	0	5	5	10	0	15	0	0	0	
0	0	0	0	0	10	0	15	15	15	
OverTimeCostsForEachResource
10000	10000	10000	