Modelname
G-5-3-1-1-4-0-0
NumberOfPeriods,Items,Resources
24	10	3
SetupCost,HoldingCost,LeadTime,InitialInventory,NameOfItem
140	4	0	0	Item_1
60	7	0	0	Item_2
100	6	0	0	Item_3
200	3	0	0	Item_4
800	3	0	0	Item_5
640	3	0	0	Item_6
1200	2	0	0	Item_7
1800	1	0	0	Item_8
3240	1	0	0	Item_9
4140	1	0	0	Item_10
BOM(c_ij=NumberOfItems_i_NecessaryToProduceItem_j)
0	0	0	0	0	0	0	0	0	0	
0	0	0	0	0	0	0	0	0	0	
0	0	0	0	0	0	0	0	0	0	
0	0	0	0	0	0	0	0	0	0	
1	1	0	0	0	0	0	0	0	0	
0	1	1	0	0	0	0	0	0	0	
0	0	1	1	0	0	0	0	0	0	
0	0	0	0	1	0	0	0	0	0	
0	0	0	0	1	1	0	0	0	0	
0	0	0	0	0	1	1	0	0	0	
ExternalDemandForEachItemAndPeriod
64	80	73	75	55	62	73	69	66	72	78	73	79	66	66	77	57	78	67	59	86	68	62	84	
28	29	31	32	31	30	34	28	29	30	27	26	36	26	30	31	26	37	33	31	27	29	29	32	
48	53	52	52	48	47	51	52	50	53	48	51	54	47	49	53	47	45	50	47	40	48	50	47	
94	119	104	104	95	115	106	100	114	106	105	133	89	99	79	90	124	98	117	89	84	103	105	91	
0	0	0	0	0	0	0	0	0	0	0	0	0	0	0	0	0	0	0	0	0	0	0	0	
0	0	0	0	0	0	0	0	0	0	0	0	0	0	0	0	0	0	0	0	0	0	0	0	
0	0	0	0	0	0	0	0	0	0	0	0	0	0	0	0	0	0	0	0	0	0	0	0	
0	0	0	0	0	0	0	0	0	0	0	0	0	0	0	0	0	0	0	0	0	0	0	0	
0	0	0	0	0	0	0	0	0	0	0	0	0	0	0	0	0	0	0	0	0	0	0	0	
0	0	0	0	0	0	0	0	0	0	0	0	0	0	0	0	0	0	0	0	0	0	0	0	
MaximumCapacityForEachResourceAndPeriod
300	300	300	300	300	300	300	300	300	300	300	300	300	300	300	300	300	300	300	300	300	300	300	300	
450	450	450	450	450	450	450	450	450	450	450	450	450	450	450	450	450	450	450	450	450	450	450	450	
761.111	761.111	761.111	761.111	761.111	761.111	761.111	761.111	761.111	761.111	761.111	761.111	761.111	761.111	761.111	761.111	761.111	761.111	761.111	761.111	761.111	761.111	761.111	761.111	
CapacityNeedsForProductionForEachResourceAndItem
1	1	0	0	0	1	0	0	0	0	
0	0	1	1	0	0	1	0	0	0	
0	0	0	0	1	0	0	1	1	1	
CapacityNeedsForSetupForEachResourceAndItem
30	30	0	0	0	30	0	0	0	0	
0	0	45	45	0	0	15	0	0	0	
0	0	0	0	30	0	0	15	15	15	
OverTimeCostsForEachResource
10000	10000	10000	