Modelname
K-5-1-2-2-4-0-0
NumberOfPeriods,Items,Resources
24	10	3
SetupCost,HoldingCost,LeadTime,InitialInventory,NameOfItem
200	10	0	0	Item_1
800	3	0	0	Item_2
800	3	0	0	Item_3
800	3	0	0	Item_4
1800	1	0	0	Item_5
1800	1	0	0	Item_6
1800	1	0	0	Item_7
1800	1	0	0	Item_8
1800	1	0	0	Item_9
1800	1	0	0	Item_10
BOM(c_ij=NumberOfItems_i_NecessaryToProduceItem_j)
0	0	0	0	0	0	0	0	0	0	
1	0	0	0	0	0	0	0	0	0	
1	0	0	0	0	0	0	0	0	0	
1	0	0	0	0	0	0	0	0	0	
0	1	0	0	0	0	0	0	0	0	
0	1	0	0	0	0	0	0	0	0	
0	0	1	0	0	0	0	0	0	0	
0	0	1	0	0	0	0	0	0	0	
0	0	0	1	0	0	0	0	0	0	
0	0	0	1	0	0	0	0	0	0	
ExternalDemandForEachItemAndPeriod
73	123	94	100	94	88	134	114	109	111	91	100	97	96	134	107	126	94	61	91	88	87	113	103	
0	0	0	0	0	0	0	0	0	0	0	0	0	0	0	0	0	0	0	0	0	0	0	0	
0	0	0	0	0	0	0	0	0	0	0	0	0	0	0	0	0	0	0	0	0	0	0	0	
0	0	0	0	0	0	0	0	0	0	0	0	0	0	0	0	0	0	0	0	0	0	0	0	
0	0	0	0	0	0	0	0	0	0	0	0	0	0	0	0	0	0	0	0	0	0	0	0	
0	0	0	0	0	0	0	0	0	0	0	0	0	0	0	0	0	0	0	0	0	0	0	0	
0	0	0	0	0	0	0	0	0	0	0	0	0	0	0	0	0	0	0	0	0	0	0	0	
0	0	0	0	0	0	0	0	0	0	0	0	0	0	0	0	0	0	0	0	0	0	0	0	
0	0	0	0	0	0	0	0	0	0	0	0	0	0	0	0	0	0	0	0	0	0	0	0	
0	0	0	0	0	0	0	0	0	0	0	0	0	0	0	0	0	0	0	0	0	0	0	0	
MaximumCapacityForEachResourceAndPeriod
314.286	314.286	314.286	314.286	314.286	314.286	314.286	314.286	314.286	314.286	314.286	314.286	314.286	314.286	314.286	314.286	314.286	314.286	314.286	314.286	314.286	314.286	314.286	314.286	
635.714	635.714	635.714	635.714	635.714	635.714	635.714	635.714	635.714	635.714	635.714	635.714	635.714	635.714	635.714	635.714	635.714	635.714	635.714	635.714	635.714	635.714	635.714	635.714	
607.143	607.143	607.143	607.143	607.143	607.143	607.143	607.143	607.143	607.143	607.143	607.143	607.143	607.143	607.143	607.143	607.143	607.143	607.143	607.143	607.143	607.143	607.143	607.143	
CapacityNeedsForProductionForEachResourceAndItem
1	1	0	0	0	0	0	0	0	0	
0	0	1	1	1	0	1	0	0	0	
0	0	0	0	0	1	0	1	1	1	
CapacityNeedsForSetupForEachResourceAndItem
10	10	0	0	0	0	0	0	0	0	
0	0	15	15	10	0	5	0	0	0	
0	0	0	0	0	10	0	5	5	5	
OverTimeCostsForEachResource
10000	10000	10000	