Modelname
K-5-2-1-1-4-2-0
NumberOfPeriods,Items,Resources
24	10	3
SetupCost,HoldingCost,LeadTime,InitialInventory,NameOfItem
200	10	0	0	Item_1
800	3	0	0	Item_2
800	3	0	0	Item_3
800	3	0	0	Item_4
1800	1	0	0	Item_5
1800	1	0	0	Item_6
1800	1	0	0	Item_7
1800	1	0	0	Item_8
1800	1	0	0	Item_9
1800	1	0	0	Item_10
BOM(c_ij=NumberOfItems_i_NecessaryToProduceItem_j)
0	0	0	0	0	0	0	0	0	0	
1	0	0	0	0	0	0	0	0	0	
1	0	0	0	0	0	0	0	0	0	
1	0	0	0	0	0	0	0	0	0	
0	1	0	0	0	0	0	0	0	0	
0	1	0	0	0	0	0	0	0	0	
0	0	1	0	0	0	0	0	0	0	
0	0	1	0	0	0	0	0	0	0	
0	0	0	1	0	0	0	0	0	0	
0	0	0	1	0	0	0	0	0	0	
ExternalDemandForEachItemAndPeriod
53	48	52	67	49	86	85	108	110	157	149	140	152	143	138	134	112	107	112	85	60	73	64	47	
0	0	0	0	0	0	0	0	0	0	0	0	0	0	0	0	0	0	0	0	0	0	0	0	
0	0	0	0	0	0	0	0	0	0	0	0	0	0	0	0	0	0	0	0	0	0	0	0	
0	0	0	0	0	0	0	0	0	0	0	0	0	0	0	0	0	0	0	0	0	0	0	0	
0	0	0	0	0	0	0	0	0	0	0	0	0	0	0	0	0	0	0	0	0	0	0	0	
0	0	0	0	0	0	0	0	0	0	0	0	0	0	0	0	0	0	0	0	0	0	0	0	
0	0	0	0	0	0	0	0	0	0	0	0	0	0	0	0	0	0	0	0	0	0	0	0	
0	0	0	0	0	0	0	0	0	0	0	0	0	0	0	0	0	0	0	0	0	0	0	0	
0	0	0	0	0	0	0	0	0	0	0	0	0	0	0	0	0	0	0	0	0	0	0	0	
0	0	0	0	0	0	0	0	0	0	0	0	0	0	0	0	0	0	0	0	0	0	0	0	
MaximumCapacityForEachResourceAndPeriod
244.444	244.444	244.444	244.444	244.444	244.444	244.444	244.444	244.444	244.444	244.444	244.444	244.444	244.444	244.444	244.444	244.444	244.444	244.444	244.444	244.444	244.444	244.444	244.444	
483.333	483.333	483.333	483.333	483.333	483.333	483.333	483.333	483.333	483.333	483.333	483.333	483.333	483.333	483.333	483.333	483.333	483.333	483.333	483.333	483.333	483.333	483.333	483.333	
505.556	505.556	505.556	505.556	505.556	505.556	505.556	505.556	505.556	505.556	505.556	505.556	505.556	505.556	505.556	505.556	505.556	505.556	505.556	505.556	505.556	505.556	505.556	505.556	
CapacityNeedsForProductionForEachResourceAndItem
1	1	0	0	0	0	0	0	0	0	
0	0	1	1	1	0	1	0	0	0	
0	0	0	0	0	1	0	1	1	1	
CapacityNeedsForSetupForEachResourceAndItem
10	10	0	0	0	0	0	0	0	0	
0	0	5	5	10	0	15	0	0	0	
0	0	0	0	0	10	0	15	15	15	
OverTimeCostsForEachResource
10000	10000	10000	