Modelname
K-5-2-1-2-3-0-0
NumberOfPeriods,Items,Resources
24	10	3
SetupCost,HoldingCost,LeadTime,InitialInventory,NameOfItem
800	10	0	0	Item_1
800	3	0	0	Item_2
800	3	0	0	Item_3
800	3	0	0	Item_4
800	1	0	0	Item_5
800	1	0	0	Item_6
800	1	0	0	Item_7
800	1	0	0	Item_8
800	1	0	0	Item_9
800	1	0	0	Item_10
BOM(c_ij=NumberOfItems_i_NecessaryToProduceItem_j)
0	0	0	0	0	0	0	0	0	0	
1	0	0	0	0	0	0	0	0	0	
1	0	0	0	0	0	0	0	0	0	
1	0	0	0	0	0	0	0	0	0	
0	1	0	0	0	0	0	0	0	0	
0	1	0	0	0	0	0	0	0	0	
0	0	1	0	0	0	0	0	0	0	
0	0	1	0	0	0	0	0	0	0	
0	0	0	1	0	0	0	0	0	0	
0	0	0	1	0	0	0	0	0	0	
ExternalDemandForEachItemAndPeriod
97	123	114	101	103	97	92	98	104	87	102	113	92	101	91	90	88	97	89	88	82	94	91	110	
0	0	0	0	0	0	0	0	0	0	0	0	0	0	0	0	0	0	0	0	0	0	0	0	
0	0	0	0	0	0	0	0	0	0	0	0	0	0	0	0	0	0	0	0	0	0	0	0	
0	0	0	0	0	0	0	0	0	0	0	0	0	0	0	0	0	0	0	0	0	0	0	0	
0	0	0	0	0	0	0	0	0	0	0	0	0	0	0	0	0	0	0	0	0	0	0	0	
0	0	0	0	0	0	0	0	0	0	0	0	0	0	0	0	0	0	0	0	0	0	0	0	
0	0	0	0	0	0	0	0	0	0	0	0	0	0	0	0	0	0	0	0	0	0	0	0	
0	0	0	0	0	0	0	0	0	0	0	0	0	0	0	0	0	0	0	0	0	0	0	0	
0	0	0	0	0	0	0	0	0	0	0	0	0	0	0	0	0	0	0	0	0	0	0	0	
0	0	0	0	0	0	0	0	0	0	0	0	0	0	0	0	0	0	0	0	0	0	0	0	
MaximumCapacityForEachResourceAndPeriod
314.286	314.286	314.286	314.286	314.286	314.286	314.286	314.286	314.286	314.286	314.286	314.286	314.286	314.286	314.286	314.286	314.286	314.286	314.286	314.286	314.286	314.286	314.286	314.286	
621.429	621.429	621.429	621.429	621.429	621.429	621.429	621.429	621.429	621.429	621.429	621.429	621.429	621.429	621.429	621.429	621.429	621.429	621.429	621.429	621.429	621.429	621.429	621.429	
650	650	650	650	650	650	650	650	650	650	650	650	650	650	650	650	650	650	650	650	650	650	650	650	
CapacityNeedsForProductionForEachResourceAndItem
1	1	0	0	0	0	0	0	0	0	
0	0	1	1	1	0	1	0	0	0	
0	0	0	0	0	1	0	1	1	1	
CapacityNeedsForSetupForEachResourceAndItem
10	10	0	0	0	0	0	0	0	0	
0	0	5	5	10	0	15	0	0	0	
0	0	0	0	0	10	0	15	15	15	
OverTimeCostsForEachResource
10000	10000	10000	