Modelname
G-5-1-1-1-4-1-0
NumberOfPeriods,Items,Resources
24	10	3
SetupCost,HoldingCost,LeadTime,InitialInventory,NameOfItem
140	4	0	0	Item_1
60	7	0	0	Item_2
100	6	0	0	Item_3
200	3	0	0	Item_4
800	3	0	0	Item_5
640	3	0	0	Item_6
1200	2	0	0	Item_7
1800	1	0	0	Item_8
3240	1	0	0	Item_9
4140	1	0	0	Item_10
BOM(c_ij=NumberOfItems_i_NecessaryToProduceItem_j)
0	0	0	0	0	0	0	0	0	0	
0	0	0	0	0	0	0	0	0	0	
0	0	0	0	0	0	0	0	0	0	
0	0	0	0	0	0	0	0	0	0	
1	1	0	0	0	0	0	0	0	0	
0	1	1	0	0	0	0	0	0	0	
0	0	1	1	0	0	0	0	0	0	
0	0	0	0	1	0	0	0	0	0	
0	0	0	0	1	1	0	0	0	0	
0	0	0	0	0	1	1	0	0	0	
ExternalDemandForEachItemAndPeriod
53	49	62	57	50	62	72	70	84	87	100	95	94	90	95	86	89	64	73	63	60	50	55	55	
21	24	23	22	25	29	27	33	36	34	38	43	43	34	38	32	30	30	28	28	27	28	22	23	
35	37	39	40	41	46	50	53	61	62	65	64	61	65	69	74	60	46	53	45	39	41	37	36	
59	71	85	94	96	90	81	90	119	103	123	98	127	98	128	133	131	99	98	104	84	74	59	74	
0	0	0	0	0	0	0	0	0	0	0	0	0	0	0	0	0	0	0	0	0	0	0	0	
0	0	0	0	0	0	0	0	0	0	0	0	0	0	0	0	0	0	0	0	0	0	0	0	
0	0	0	0	0	0	0	0	0	0	0	0	0	0	0	0	0	0	0	0	0	0	0	0	
0	0	0	0	0	0	0	0	0	0	0	0	0	0	0	0	0	0	0	0	0	0	0	0	
0	0	0	0	0	0	0	0	0	0	0	0	0	0	0	0	0	0	0	0	0	0	0	0	
0	0	0	0	0	0	0	0	0	0	0	0	0	0	0	0	0	0	0	0	0	0	0	0	
MaximumCapacityForEachResourceAndPeriod
233.333	233.333	233.333	233.333	233.333	233.333	233.333	233.333	233.333	233.333	233.333	233.333	233.333	233.333	233.333	233.333	233.333	233.333	233.333	233.333	233.333	233.333	233.333	233.333	
372.222	372.222	372.222	372.222	372.222	372.222	372.222	372.222	372.222	372.222	372.222	372.222	372.222	372.222	372.222	372.222	372.222	372.222	372.222	372.222	372.222	372.222	372.222	372.222	
705.556	705.556	705.556	705.556	705.556	705.556	705.556	705.556	705.556	705.556	705.556	705.556	705.556	705.556	705.556	705.556	705.556	705.556	705.556	705.556	705.556	705.556	705.556	705.556	
CapacityNeedsForProductionForEachResourceAndItem
1	1	0	0	0	1	0	0	0	0	
0	0	1	1	0	0	1	0	0	0	
0	0	0	0	1	0	0	1	1	1	
CapacityNeedsForSetupForEachResourceAndItem
10	10	0	0	0	10	0	0	0	0	
0	0	15	15	0	0	5	0	0	0	
0	0	0	0	10	0	0	5	5	5	
OverTimeCostsForEachResource
10000	10000	10000	