Modelname
G-5-4-2-5-3-0-0
NumberOfPeriods,Items,Resources
24	10	3
SetupCost,HoldingCost,LeadTime,InitialInventory,NameOfItem
560	4	0	0	Item_1
240	7	0	0	Item_2
400	6	0	0	Item_3
800	3	0	0	Item_4
800	3	0	0	Item_5
640	3	0	0	Item_6
1200	2	0	0	Item_7
800	1	0	0	Item_8
1440	1	0	0	Item_9
1840	1	0	0	Item_10
BOM(c_ij=NumberOfItems_i_NecessaryToProduceItem_j)
0	0	0	0	0	0	0	0	0	0	
0	0	0	0	0	0	0	0	0	0	
0	0	0	0	0	0	0	0	0	0	
0	0	0	0	0	0	0	0	0	0	
1	1	0	0	0	0	0	0	0	0	
0	1	1	0	0	0	0	0	0	0	
0	0	1	1	0	0	0	0	0	0	
0	0	0	0	1	0	0	0	0	0	
0	0	0	0	1	1	0	0	0	0	
0	0	0	0	0	1	1	0	0	0	
ExternalDemandForEachItemAndPeriod
59	87	100	85	76	86	69	71	76	73	82	74	71	81	92	84	55	43	54	66	74	75	67	71	
27	32	36	40	34	15	42	23	33	30	22	31	29	38	24	29	29	22	27	38	31	18	32	24	
35	32	53	57	60	44	51	38	37	56	62	58	47	51	44	61	60	50	62	42	48	43	63	50	
74	104	123	136	99	107	112	86	110	108	118	113	126	115	88	78	73	108	77	86	102	102	92	126	
0	0	0	0	0	0	0	0	0	0	0	0	0	0	0	0	0	0	0	0	0	0	0	0	
0	0	0	0	0	0	0	0	0	0	0	0	0	0	0	0	0	0	0	0	0	0	0	0	
0	0	0	0	0	0	0	0	0	0	0	0	0	0	0	0	0	0	0	0	0	0	0	0	
0	0	0	0	0	0	0	0	0	0	0	0	0	0	0	0	0	0	0	0	0	0	0	0	
0	0	0	0	0	0	0	0	0	0	0	0	0	0	0	0	0	0	0	0	0	0	0	0	
0	0	0	0	0	0	0	0	0	0	0	0	0	0	0	0	0	0	0	0	0	0	0	0	
MaximumCapacityForEachResourceAndPeriod
540	540	540	540	540	540	540	540	540	540	540	540	540	540	540	540	540	540	540	540	540	540	540	540	
535.714	535.714	535.714	535.714	535.714	535.714	535.714	535.714	535.714	535.714	535.714	535.714	535.714	535.714	535.714	535.714	535.714	535.714	535.714	535.714	535.714	535.714	535.714	535.714	
861.111	861.111	861.111	861.111	861.111	861.111	861.111	861.111	861.111	861.111	861.111	861.111	861.111	861.111	861.111	861.111	861.111	861.111	861.111	861.111	861.111	861.111	861.111	861.111	
CapacityNeedsForProductionForEachResourceAndItem
1	1	0	0	0	1	0	0	0	0	
0	0	1	1	0	0	1	0	0	0	
0	0	0	0	1	0	0	1	1	1	
CapacityNeedsForSetupForEachResourceAndItem
30	30	0	0	0	30	0	0	0	0	
0	0	15	15	0	0	45	0	0	0	
0	0	0	0	30	0	0	45	45	45	
OverTimeCostsForEachResource
10000	10000	10000	