..\test\CPX22_CO\classdp\G0121310\	300		1816034.933	795992.811	0.562	56.169	
..\test\CPX22_CO\classdp\G0121320\	300		13383648.225	871928.522	0.935	93.485	
..\test\CPX22_CO\classdp\G0121410\	300		3990644.984	967568.468	0.758	75.754	
..\test\CPX22_CO\classdp\G0121420\	300		5119134.545	1088124.606	0.787	78.744	
..\test\CPX22_CO\classdp\G0122310\	300		1496750.430	780655.873	0.478	47.843	
..\test\CPX22_CO\classdp\G0122320\	300		1490568.010	760420.988	0.490	48.984	
..\test\CPX22_CO\classdp\G0122410\	300		1772112.050	849336.478	0.521	52.072	
..\test\CPX22_CO\classdp\G0122420\	300		1948754.180	860102.561	0.559	55.864	
..\test\CPX22_CO\classdp\G0123310\	300		1369822.000	756095.937	0.448	44.803	
..\test\CPX22_CO\classdp\G0123320\	300		1404523.000	740335.591	0.473	47.289	
..\test\CPX22_CO\classdp\G0123410\	300		1623724.000	828391.099	0.490	48.982	
..\test\CPX22_CO\classdp\G0123420\	300		1594657.000	813989.700	0.490	48.955	
..\test\CPX22_CO\classdp\G0124310\	300		1461957.616	781089.375	0.466	46.572	
..\test\CPX22_CO\classdp\G0124320\	300		1396217.619	775364.048	0.445	44.467	
..\test\CPX22_CO\classdp\G0124410\	300		1674233.101	813015.406	0.514	51.440	
..\test\CPX22_CO\classdp\G0124420\	300		1980640.081	822933.261	0.585	58.451	
..\test\CPX22_CO\classdp\G0125310\	300		2210430.050	812131.331	0.633	63.259	
..\test\CPX22_CO\classdp\G0125320\	300		5204453.780	921621.196	0.823	82.292	
..\test\CPX22_CO\classdp\G0125410\	300		2924156.940	1006940.415	0.656	65.565	
..\test\CPX22_CO\classdp\G0125420\	300		8471396.960	1133560.272	0.866	86.619	
..\test\CPX22_CO\classdp\G0421310\	300		2842648.974	801356.553	0.718	71.809	
..\test\CPX22_CO\classdp\G0421320\	300		2201230.318	791887.877	0.640	64.025	
..\test\CPX22_CO\classdp\G0421410\	300		4033048.974	883036.388	0.781	78.105	
..\test\CPX22_CO\classdp\G0421420\	300		2130322.214	852564.863	0.600	59.980	
..\test\CPX22_CO\classdp\G0422310\	300		1437280.160	769186.026	0.465	46.483	
..\test\CPX22_CO\classdp\G0422320\	300		1419903.240	776600.921	0.453	45.306	
..\test\CPX22_CO\classdp\G0422410\	300		1649778.810	839004.552	0.491	49.144	
..\test\CPX22_CO\classdp\G0422420\	300		1699805.880	844149.356	0.503	50.338	
..\test\CPX22_CO\classdp\G0423310\	300		1385314.000	744556.104	0.463	46.254	
..\test\CPX22_CO\classdp\G0423320\	301		1295957.000	736203.168	0.432	43.192	
..\test\CPX22_CO\classdp\G0423410\	300		1616158.000	813928.772	0.496	49.638	
..\test\CPX22_CO\classdp\G0423420\	300		1547185.000	808865.873	0.477	47.720	
..\test\CPX22_CO\classdp\G0424310\	300		1432061.640	771142.800	0.462	46.152	
..\test\CPX22_CO\classdp\G0424320\	300		1401771.660	771284.691	0.450	44.978	
..\test\CPX22_CO\classdp\G0424410\	300		1695754.074	835566.093	0.507	50.726	
..\test\CPX22_CO\classdp\G0424420\	300		1727635.298	808626.188	0.532	53.195	
..\test\CPX22_CO\classdp\G0425310\	300		1769001.710	796490.834	0.550	54.975	
..\test\CPX22_CO\classdp\G0425320\	301		2087293.130	788334.792	0.622	62.232	
..\test\CPX22_CO\classdp\G0425410\	300		2028653.330	903747.338	0.555	55.451	
..\test\CPX22_CO\classdp\G0425420\	300		1718423.310	870857.265	0.493	49.322	
..\test\CPX22_CO\classdp\G5121310\	300		2850897.880	941908.416	0.670	66.961	
..\test\CPX22_CO\classdp\G5121320\	300		10657589.358	1022958.618	0.904	90.402	
..\test\CPX22_CO\classdp\G5121410\	301		3353129.582	1104317.031	0.671	67.066	
..\test\CPX22_CO\classdp\G5121420\	300		11147380.548	1238259.903	0.889	88.892	
..\test\CPX22_CO\classdp\G5122310\	300		1506850.520	885284.056	0.412	41.249	
..\test\CPX22_CO\classdp\G5122320\	300		1484141.435	886579.113	0.403	40.263	
..\test\CPX22_CO\classdp\G5122410\	300		1801205.932	1013755.823	0.437	43.718	
..\test\CPX22_CO\classdp\G5122420\	300		1841742.399	1003044.375	0.455	45.538	
..\test\CPX22_CO\classdp\G5123310\	300		1380922.250	826126.580	0.402	40.176	
..\test\CPX22_CO\classdp\G5123320\	300		1345673.000	830959.149	0.382	38.250	
..\test\CPX22_CO\classdp\G5123410\	300		1621440.000	918733.180	0.433	43.338	
..\test\CPX22_CO\classdp\G5123420\	300		1585743.000	920589.451	0.419	41.946	
..\test\CPX22_CO\classdp\G5124310\	300		1518688.270	895679.549	0.410	41.023	
..\test\CPX22_CO\classdp\G5124320\	300		1669154.653	895166.635	0.464	46.370	
..\test\CPX22_CO\classdp\G5124410\	300		1867819.402	985394.706	0.472	47.244	
..\test\CPX22_CO\classdp\G5124420\	301		2045284.932	964230.364	0.529	52.856	
..\test\CPX22_CO\classdp\G5125310\	301		2102438.115	905309.785	0.569	56.940	
..\test\CPX22_CO\classdp\G5125320\	300		4073501.467	983771.026	0.758	75.849	
..\test\CPX22_CO\classdp\G5125410\	301		2514664.545	1103742.291	0.561	56.108	
..\test\CPX22_CO\classdp\G5125420\	301		2446843.050	1184531.179	0.516	51.589	
..\test\CPX22_CO\classdp\G5421310\	300		2228684.566	926708.343	0.584	58.419	
..\test\CPX22_CO\classdp\G5421320\	301		1635550.999	910621.526	0.443	44.323	
..\test\CPX22_CO\classdp\G5421410\	300		2226390.972	1020763.330	0.542	54.152	
..\test\CPX22_CO\classdp\G5421420\	300		3069719.071	1021598.349	0.667	66.720	
..\test\CPX22_CO\classdp\G5422310\	300		1430957.940	872897.440	0.390	38.999	
..\test\CPX22_CO\classdp\G5422320\	300		1416345.930	856828.117	0.395	39.504	
..\test\CPX22_CO\classdp\G5422410\	300		1680057.863	944422.922	0.438	43.786	
..\test\CPX22_CO\classdp\G5422420\	300		1799949.981	939558.537	0.478	47.801	
..\test\CPX22_CO\classdp\G5423310\	300		1347968.333	809813.825	0.399	39.923	
..\test\CPX22_CO\classdp\G5423320\	300		1291299.000	795360.084	0.384	38.406	
..\test\CPX22_CO\classdp\G5423410\	301		1597793.000	885613.217	0.446	44.573	
..\test\CPX22_CO\classdp\G5423420\	300		1558498.000	877022.968	0.437	43.726	
..\test\CPX22_CO\classdp\G5424310\	300		1415405.495	869244.310	0.386	38.587	
..\test\CPX22_CO\classdp\G5424320\	300		1416984.013	859547.916	0.393	39.340	
..\test\CPX22_CO\classdp\G5424410\	300		1758924.470	916300.131	0.479	47.906	
..\test\CPX22_CO\classdp\G5424420\	301		1653091.422	932529.025	0.436	43.589	
..\test\CPX22_CO\classdp\G5425310\	300		1431514.258	855152.653	0.403	40.262	
..\test\CPX22_CO\classdp\G5425320\	300		1537670.780	853733.723	0.445	44.479	
..\test\CPX22_CO\classdp\G5425410\	300		1763393.330	974749.943	0.447	44.723	
..\test\CPX22_CO\classdp\G5425420\	300		2055722.900	953870.776	0.536	53.599	
..\test\CPX22_CO\classdp\G0121310\	3601.000		1613460.255	995848.645	0.383	38.279	
..\test\CPX22_CO\classdp\G0121320\	3600.000		4368773.857	1058283.274	0.758	75.776	
..\test\CPX22_CO\classdp\G0121410\	3600.000		2072072.206	1172789.002	0.434	43.400	
..\test\CPX22_CO\classdp\G0121420\	3600.000		4319207.080	1302882.505	0.698	69.835	
..\test\CPX22_CO\classdp\G0122310\	3601.000		1343399.728	873281.469	0.350	34.995	
..\test\CPX22_CO\classdp\G0122320\	3601.000		1375472.310	856156.612	0.378	37.755	
..\test\CPX22_CO\classdp\G0122410\	3600.000		1610189.760	982087.199	0.390	39.008	
..\test\CPX22_CO\classdp\G0122420\	3601.000		1543923.220	961937.531	0.377	37.695	
..\test\CPX22_CO\classdp\G0123310\	3600.000		1289184.000	820539.470	0.364	36.352	
..\test\CPX22_CO\classdp\G0123320\	3600.000		1286407.000	808154.070	0.372	37.177	
..\test\CPX22_CO\classdp\G0123410\	3600.000		1591268.000	911122.599	0.427	42.742	
..\test\CPX22_CO\classdp\G0123420\	3601.000		1527917.000	898712.543	0.412	41.181	
..\test\CPX22_CO\classdp\G0124310\	3600.000		1357614.126	858038.268	0.368	36.798	
..\test\CPX22_CO\classdp\G0124320\	3600.000		1344420.110	850516.869	0.367	36.737	
..\test\CPX22_CO\classdp\G0124410\	3601.000		1628170.833	937733.582	0.424	42.406	
..\test\CPX22_CO\classdp\G0124420\	3601.000		1544898.342	927786.676	0.399	39.945	
..\test\CPX22_CO\classdp\G0125310\	3600.000		1524653.660	980471.534	0.357	35.692	
..\test\CPX22_CO\classdp\G0125320\	3600.000		2681443.610	1054685.058	0.607	60.667	
..\test\CPX22_CO\classdp\G0125410\	3600.000		1904264.990	1199703.080	0.370	36.999	
..\test\CPX22_CO\classdp\G0125420\	3600.000		3626838.700	1297284.810	0.642	64.231	
..\test\CPX22_CO\classdp\G0421310\	3600.000		1433175.810	898921.422	0.373	37.278	
..\test\CPX22_CO\classdp\G0421320\	3600.000		1458089.483	880742.333	0.396	39.596	
..\test\CPX22_CO\classdp\G0421410\	3600.000		1674574.672	991590.668	0.408	40.785	
..\test\CPX22_CO\classdp\G0421420\	3601.000		1740406.442	979548.878	0.437	43.717	
..\test\CPX22_CO\classdp\G0422310\	3601.000		1361684.892	853196.911	0.373	37.343	
..\test\CPX22_CO\classdp\G0422320\	3600.000		1359124.340	841691.366	0.381	38.071	
..\test\CPX22_CO\classdp\G0422410\	3600.000		1569950.480	930982.398	0.407	40.700	
..\test\CPX22_CO\classdp\G0422420\	3600.000		1570021.720	918975.849	0.415	41.467	
..\test\CPX22_CO\classdp\G0423310\	3600.000		1270224.000	800177.702	0.370	37.005	
..\test\CPX22_CO\classdp\G0423320\	3600.000		1261037.000	794732.696	0.370	36.978	
..\test\CPX22_CO\classdp\G0423410\	3600.000		1507575.000	897472.205	0.405	40.469	
..\test\CPX22_CO\classdp\G0423420\	3601.000		1471405.000	870283.046	0.409	40.854	
..\test\CPX22_CO\classdp\G0424310\	3601.000		1324063.176	849715.499	0.358	35.825	
..\test\CPX22_CO\classdp\G0424320\	3600.000		1338868.448	833014.548	0.378	37.782	
..\test\CPX22_CO\classdp\G0424410\	3601.000		1546648.432	906322.380	0.414	41.401	
..\test\CPX22_CO\classdp\G0424420\	3600.000		1516114.364	909012.261	0.400	40.043	
..\test\CPX22_CO\classdp\G0425310\	3600.000		1365174.190	874204.763	0.360	35.964	
..\test\CPX22_CO\classdp\G0425320\	3600.000		1447267.860	861947.947	0.404	40.443	
..\test\CPX22_CO\classdp\G0425410\	3601.000		1591044.410	981975.478	0.383	38.281	
..\test\CPX22_CO\classdp\G0425420\	3600.000		1621293.860	971376.468	0.401	40.086	
..\test\CPX22_CO\classdp\G5121310\	3600.000		1715906.940	1069711.374	0.377	37.659	
..\test\CPX22_CO\classdp\G5121320\	3600.000		4267053.095	1116850.998	0.738	73.826	
..\test\CPX22_CO\classdp\G5121410\	3601.000		2149732.398	1293092.567	0.398	39.849	
..\test\CPX22_CO\classdp\G5121420\	3601.000		5566895.841	1336131.063	0.760	75.999	
..\test\CPX22_CO\classdp\G5122310\	3601.000		1379106.235	957733.294	0.306	30.554	
..\test\CPX22_CO\classdp\G5122320\	3600.000		1376677.500	939244.073	0.318	31.775	
..\test\CPX22_CO\classdp\G5122410\	3600.000		1650374.041	1098923.218	0.334	33.414	
..\test\CPX22_CO\classdp\G5122420\	3600.000		1647728.187	1078727.076	0.345	34.532	
..\test\CPX22_CO\classdp\G5123310\	3601.000		1315376.000	889530.319	0.324	32.374	
..\test\CPX22_CO\classdp\G5123320\	3600.000		1296573.667	872867.022	0.327	32.679	
..\test\CPX22_CO\classdp\G5123410\	3600.000		1580711.000	991660.365	0.373	37.265	
..\test\CPX22_CO\classdp\G5123420\	3601.000		1519238.500	987354.307	0.350	35.010	
..\test\CPX22_CO\classdp\G5124310\	3601.000		1382645.773	952185.600	0.311	31.133	
..\test\CPX22_CO\classdp\G5124320\	3600.000		1375946.125	943086.663	0.315	31.459	
..\test\CPX22_CO\classdp\G5124410\	3600.000		1617720.085	1065654.242	0.341	34.126	
..\test\CPX22_CO\classdp\G5124420\	3600.000		1647151.971	1052251.053	0.361	36.117	
..\test\CPX22_CO\classdp\G5125310\	3600.000		1560299.150	1018208.186	0.347	34.743	
..\test\CPX22_CO\classdp\G5125320\	3601.000		1590197.708	1061557.124	0.332	33.244	
..\test\CPX22_CO\classdp\G5125410\	3600.000		1881522.495	1258145.086	0.331	33.132	
..\test\CPX22_CO\classdp\G5125420\	3600.000		2138623.205	1309636.805	0.388	38.763	
..\test\CPX22_CO\classdp\G5421310\	3600.000		1465702.470	970630.693	0.338	33.777	
..\test\CPX22_CO\classdp\G5421320\	3602.000		1510932.829	961674.313	0.364	36.352	
..\test\CPX22_CO\classdp\G5421410\	3600.000		1841757.160	1100602.050	0.402	40.242	
..\test\CPX22_CO\classdp\G5421420\	3600.000		1792042.136	1093524.326	0.390	38.979	
..\test\CPX22_CO\classdp\G5422310\	3601.000		1354719.770	921696.403	0.320	31.964	
..\test\CPX22_CO\classdp\G5422320\	3600.000		1343770.742	903026.564	0.328	32.799	
..\test\CPX22_CO\classdp\G5422410\	3600.000		1639588.135	1022572.269	0.376	37.632	
..\test\CPX22_CO\classdp\G5422420\	3601.000		1580965.255	1019127.233	0.355	35.538	
..\test\CPX22_CO\classdp\G5423310\	3603.000		1346002.000	855699.622	0.364	36.427	
..\test\CPX22_CO\classdp\G5423320\	3602.000		1283480.000	852652.750	0.336	33.567	
..\test\CPX22_CO\classdp\G5423410\	3600.000		1579184.000	944452.178	0.402	40.194	
..\test\CPX22_CO\classdp\G5423420\	3600.000		1516407.000	944430.186	0.377	37.719	
..\test\CPX22_CO\classdp\G5424310\	3600.000		1344842.710	917947.449	0.317	31.743	
..\test\CPX22_CO\classdp\G5424320\	3600.000		1370132.864	910283.469	0.336	33.562	
..\test\CPX22_CO\classdp\G5424410\	3600.000		1565317.547	1002998.710	0.359	35.924	
..\test\CPX22_CO\classdp\G5424420\	3600.000		1683742.451	1004253.791	0.404	40.356	
..\test\CPX22_CO\classdp\G5425310\	3600.000		1406061.460	931947.603	0.337	33.719	
..\test\CPX22_CO\classdp\G5425320\	3601.000		1411260.610	913607.023	0.353	35.263	
..\test\CPX22_CO\classdp\G5425410\	3600.000		1682871.990	1065867.877	0.367	36.664	
..\test\CPX22_CO\classdp\G5425420\	3600.000		1663797.320	1039717.784	0.375	37.509	
