..\test\CPX22_CO\classe\G5011100\	300		11395542.360	7053215.134	0.381	38.105	
..\test\CPX22_CO\classe\G5011200\	300		2426907.262	1754641.225	0.277	27.701	
..\test\CPX22_CO\classe\G5011300\	300		6345028.060	3821570.444	0.398	39.771	
..\test\CPX22_CO\classe\G5011400\	300		3578176.644	2563184.997	0.284	28.366	
..\test\CPX22_CO\classe\G5011500\	300		2176997.079	1657637.194	0.239	23.857	
..\test\CPX22_CO\classe\G5012100\	300		8607765.197	4148268.859	0.518	51.808	
..\test\CPX22_CO\classe\G5012200\	300		1984108.182	1507921.440	0.240	24.000	
..\test\CPX22_CO\classe\G5012300\	300		4751134.863	2681715.712	0.436	43.556	
..\test\CPX22_CO\classe\G5012400\	300		2870152.042	1997254.961	0.304	30.413	
..\test\CPX22_CO\classe\G5012500\	300		1853963.346	1470688.842	0.207	20.673	
..\test\CPX22_CO\classe\G5013100\	300		6463449.500	3528347.200	0.454	45.411	
..\test\CPX22_CO\classe\G5013200\	300		1785799.667	1402748.643	0.214	21.450	
..\test\CPX22_CO\classe\G5013300\	301		3817914.500	2383148.254	0.376	37.580	
..\test\CPX22_CO\classe\G5013400\	300		2551659.000	1859600.480	0.271	27.122	
..\test\CPX22_CO\classe\G5013500\	300		1723683.500	1389321.833	0.194	19.398	
..\test\CPX22_CO\classe\G5014100\	301		7658673.446	4283783.481	0.441	44.066	
..\test\CPX22_CO\classe\G5014200\	300		2088824.444	1496651.458	0.283	28.350	
..\test\CPX22_CO\classe\G5014300\	300		4573892.826	2597482.919	0.432	43.211	
..\test\CPX22_CO\classe\G5014400\	300		2781336.000	1828569.709	0.343	34.256	
..\test\CPX22_CO\classe\G5014500\	300		1998120.465	1554342.480	0.222	22.210	
..\test\CPX22_CO\classe\G5015100\	300		10736132.032	6851228.949	0.362	36.185	
..\test\CPX22_CO\classe\G5015200\	300		2145605.255	1719743.486	0.198	19.848	
..\test\CPX22_CO\classe\G5015300\	300		5735480.550	3741142.814	0.348	34.772	
..\test\CPX22_CO\classe\G5015400\	300		3456196.803	2578571.082	0.254	25.393	
..\test\CPX22_CO\classe\G5015500\	300		2017543.187	1610624.521	0.202	20.169	
..\test\CPX22_CO\classe\G5021100\	300		12066197.609	7158379.647	0.407	40.674	
..\test\CPX22_CO\classe\G5021200\	300		2448006.003	1799574.680	0.265	26.488	
..\test\CPX22_CO\classe\G5021300\	300		6376199.680	3945157.967	0.381	38.127	
..\test\CPX22_CO\classe\G5021400\	300		3640004.222	2634387.837	0.276	27.627	
..\test\CPX22_CO\classe\G5021500\	300		2253500.071	1692133.526	0.249	24.911	
..\test\CPX22_CO\classe\G5022100\	300		8463248.296	4174805.164	0.507	50.671	
..\test\CPX22_CO\classe\G5022200\	300		2013148.022	1504026.507	0.253	25.290	
..\test\CPX22_CO\classe\G5022300\	300		4670482.642	2708224.829	0.420	42.014	
..\test\CPX22_CO\classe\G5022400\	300		2912214.252	2000854.598	0.313	31.294	
..\test\CPX22_CO\classe\G5022500\	300		1867021.380	1475862.676	0.210	20.951	
..\test\CPX22_CO\classe\G5023100\	301		6553006.889	3515470.207	0.464	46.353	
..\test\CPX22_CO\classe\G5023200\	300		1807735.000	1382142.015	0.235	23.543	
..\test\CPX22_CO\classe\G5023300\	300		3895784.000	2338108.553	0.400	39.984	
..\test\CPX22_CO\classe\G5023400\	300		2540932.000	1834567.302	0.278	27.799	
..\test\CPX22_CO\classe\G5023500\	300		1749189.000	1386227.997	0.208	20.750	
..\test\CPX22_CO\classe\G5024100\	302		7803765.457	4404841.713	0.436	43.555	
..\test\CPX22_CO\classe\G5024200\	300		2063836.410	1498004.749	0.274	27.416	
..\test\CPX22_CO\classe\G5024300\	300		4526101.755	2743709.861	0.394	39.380	
..\test\CPX22_CO\classe\G5024400\	300		2619828.795	1823087.696	0.304	30.412	
..\test\CPX22_CO\classe\G5024500\	300		2013314.796	1566088.730	0.222	22.213	
..\test\CPX22_CO\classe\G5025100\	300		11121500.680	7071979.596	0.364	36.412	
..\test\CPX22_CO\classe\G5025200\	300		2231006.310	1750625.940	0.215	21.532	
..\test\CPX22_CO\classe\G5025300\	300		5745924.044	3891316.897	0.323	32.277	
..\test\CPX22_CO\classe\G5025400\	300		3505029.927	2639630.174	0.247	24.690	
..\test\CPX22_CO\classe\G5025500\	300		2036747.939	1619331.047	0.205	20.494	
..\test\CPX22_CO\classe\G5011100\	3600.000		11138238.306	7345968.216	0.340	34.047	
..\test\CPX22_CO\classe\G5011200\	3601.000		2326210.190	1781051.393	0.234	23.435	
..\test\CPX22_CO\classe\G5011300\	3600.000		5992562.483	4002679.828	0.332	33.206	
..\test\CPX22_CO\classe\G5011400\	3601.000		3331908.572	2606302.795	0.218	21.777	
..\test\CPX22_CO\classe\G5011500\	3605.000		2120528.822	1677903.602	0.209	20.873	
..\test\CPX22_CO\classe\G5012100\	3600.000		7866738.415	4726912.300	0.399	39.913	
..\test\CPX22_CO\classe\G5012200\	3601.000		1950795.163	1541797.249	0.210	20.966	
..\test\CPX22_CO\classe\G5012300\	3600.000		4440755.392	2881329.447	0.351	35.116	
..\test\CPX22_CO\classe\G5012400\	3600.000		2557569.366	2039795.489	0.202	20.245	
..\test\CPX22_CO\classe\G5012500\	3601.000		1801213.123	1495531.360	0.170	16.971	
..\test\CPX22_CO\classe\G5013100\	3600.000		6250608.750	3849821.439	0.384	38.409	
..\test\CPX22_CO\classe\G5013200\	3600.000		1789297.000	1439255.268	0.196	19.563	
..\test\CPX22_CO\classe\G5013300\	3600.000		3730729.000	2503287.954	0.329	32.901	
..\test\CPX22_CO\classe\G5013400\	3600.000		2341833.000	1888936.823	0.193	19.339	
..\test\CPX22_CO\classe\G5013500\	3601.000		1657527.000	1413351.705	0.147	14.731	
..\test\CPX22_CO\classe\G5014100\	3600.000		7240801.642	4703709.862	0.350	35.039	
..\test\CPX22_CO\classe\G5014200\	3603.000		1914586.090	1543847.776	0.194	19.364	
..\test\CPX22_CO\classe\G5014300\	3601.000		4214176.615	2892857.358	0.314	31.354	
..\test\CPX22_CO\classe\G5014400\	3603.000		2529600.147	1901370.038	0.248	24.835	
..\test\CPX22_CO\classe\G5014500\	3600.000		1859050.952	1569904.509	0.156	15.553	
..\test\CPX22_CO\classe\G5015100\	3601.000		9461190.523	7036788.455	0.256	25.625	
..\test\CPX22_CO\classe\G5015200\	3600.000		2077216.132	1743393.166	0.161	16.071	
..\test\CPX22_CO\classe\G5015300\	3604.000		5052707.690	3889604.959	0.230	23.019	
..\test\CPX22_CO\classe\G5015400\	3603.000		3195088.320	2636753.129	0.175	17.475	
..\test\CPX22_CO\classe\G5015500\	3600.000		1855947.217	1636071.099	0.118	11.847	
..\test\CPX22_CO\classe\G5021100\	3601.000		11195288.470	7713316.338	0.311	31.102	
..\test\CPX22_CO\classe\G5021200\	3600.000		2289320.976	1823566.524	0.203	20.345	
..\test\CPX22_CO\classe\G5021300\	3600.000		5745930.624	4163217.379	0.275	27.545	
..\test\CPX22_CO\classe\G5021400\	3603.000		3442185.237	2689507.393	0.219	21.866	
..\test\CPX22_CO\classe\G5021500\	3600.000		2132853.256	1717619.215	0.195	19.468	
..\test\CPX22_CO\classe\G5022100\	3601.000		7893029.598	4722671.347	0.402	40.167	
..\test\CPX22_CO\classe\G5022200\	3600.000		1950294.623	1544688.569	0.208	20.797	
..\test\CPX22_CO\classe\G5022300\	3601.000		4346366.718	2922274.743	0.328	32.765	
..\test\CPX22_CO\classe\G5022400\	3601.000		2594324.830	2043126.553	0.212	21.246	
..\test\CPX22_CO\classe\G5022500\	3601.000		1796989.847	1507457.889	0.161	16.112	
..\test\CPX22_CO\classe\G5023100\	3600.000		6179951.000	3870431.646	0.374	37.371	
..\test\CPX22_CO\classe\G5023200\	3600.000		1778262.000	1427119.506	0.197	19.746	
..\test\CPX22_CO\classe\G5023300\	3600.000		3707196.500	2536306.146	0.316	31.584	
..\test\CPX22_CO\classe\G5023400\	3604.000		2279728.000	1873304.672	0.178	17.828	
..\test\CPX22_CO\classe\G5023500\	3600.000		1668455.000	1409411.863	0.155	15.526	
..\test\CPX22_CO\classe\G5024100\	3600.000		7390967.835	4809583.427	0.349	34.926	
..\test\CPX22_CO\classe\G5024200\	3604.000		1930291.861	1538461.363	0.203	20.299	
..\test\CPX22_CO\classe\G5024300\	3601.000		4207270.224	2955088.693	0.298	29.762	
..\test\CPX22_CO\classe\G5024400\	3600.000		2427486.668	1905653.501	0.215	21.497	
..\test\CPX22_CO\classe\G5024500\	3600.000		1928454.294	1582050.153	0.180	17.963	
..\test\CPX22_CO\classe\G5025100\	3600.000		9565496.830	7250810.329	0.242	24.198	
..\test\CPX22_CO\classe\G5025200\	3600.000		2085642.872	1779992.597	0.147	14.655	
..\test\CPX22_CO\classe\G5025300\	3603.000		5094342.040	3982763.634	0.218	21.820	
..\test\CPX22_CO\classe\G5025400\	3605.000		3230751.080	2702419.590	0.164	16.353	
..\test\CPX22_CO\classe\G5025500\	3601.000		1867760.398	1654200.010	0.114	11.434	
