..\test\CPX22_CO\classbp\G5111300\	300		149608.128	134199.047	0.103	10.300	
..\test\CPX22_CO\classbp\G5111310\	300		132613.921	116709.035	0.120	11.993	
..\test\CPX22_CO\classbp\G5111320\	301		137041.308	121024.900	0.117	11.687	
..\test\CPX22_CO\classbp\G5111400\	300		175939.416	165193.745	0.061	6.108	
..\test\CPX22_CO\classbp\G5111410\	300		155883.136	139376.927	0.106	10.589	
..\test\CPX22_CO\classbp\G5111420\	301		165194.750	143086.943	0.134	13.383	
..\test\CPX22_CO\classbp\G5112300\	300		119062.221	106908.516	0.102	10.208	
..\test\CPX22_CO\classbp\G5112310\	300		113337.086	104130.215	0.081	8.123	
..\test\CPX22_CO\classbp\G5112320\	300		111614.691	102330.716	0.083	8.318	
..\test\CPX22_CO\classbp\G5112400\	300		133133.787	122841.639	0.077	7.731	
..\test\CPX22_CO\classbp\G5112410\	300		128934.544	118745.479	0.079	7.902	
..\test\CPX22_CO\classbp\G5112420\	300		127230.221	119056.115	0.064	6.425	
..\test\CPX22_CO\classbp\G5113300\	300		106638.250	96156.132	0.098	9.830	
..\test\CPX22_CO\classbp\G5113310\	300		104550.500	94687.024	0.094	9.434	
..\test\CPX22_CO\classbp\G5113320\	300		103414.000	93730.903	0.094	9.363	
..\test\CPX22_CO\classbp\G5113400\	300		115647.000	106261.574	0.081	8.116	
..\test\CPX22_CO\classbp\G5113410\	300		115158.000	105879.333	0.081	8.057	
..\test\CPX22_CO\classbp\G5113420\	300		111684.625	103685.711	0.072	7.162	
..\test\CPX22_CO\classbp\G5114300\	301		116523.947	105678.321	0.093	9.308	
..\test\CPX22_CO\classbp\G5114310\	300		114513.503	103217.294	0.099	9.864	
..\test\CPX22_CO\classbp\G5114320\	300		114161.112	104717.457	0.083	8.272	
..\test\CPX22_CO\classbp\G5114400\	300		123291.358	112969.827	0.084	8.372	
..\test\CPX22_CO\classbp\G5114410\	300		123770.285	110872.999	0.104	10.420	
..\test\CPX22_CO\classbp\G5114420\	300		122632.737	112952.182	0.079	7.894	
..\test\CPX22_CO\classbp\G5115300\	300		135548.066	125944.204	0.071	7.085	
..\test\CPX22_CO\classbp\G5115310\	300		120583.948	110793.310	0.081	8.119	
..\test\CPX22_CO\classbp\G5115320\	300		122682.744	111915.698	0.088	8.776	
..\test\CPX22_CO\classbp\G5115400\	300		166474.290	158260.909	0.049	4.934	
..\test\CPX22_CO\classbp\G5115410\	301		146155.773	134321.905	0.081	8.097	
..\test\CPX22_CO\classbp\G5115420\	300		147934.293	134524.822	0.091	9.064	
..\test\CPX22_CO\classbp\G5121300\	300		158780.214	148405.555	0.065	6.534	
..\test\CPX22_CO\classbp\G5121310\	301		134287.530	117434.559	0.125	12.550	
..\test\CPX22_CO\classbp\G5121320\	300		154424.276	132025.121	0.145	14.505	
..\test\CPX22_CO\classbp\G5121400\	300		196238.012	187129.255	0.046	4.642	
..\test\CPX22_CO\classbp\G5121410\	301		157660.845	139716.899	0.114	11.381	
..\test\CPX22_CO\classbp\G5121420\	300		191904.226	161366.763	0.159	15.913	
..\test\CPX22_CO\classbp\G5122300\	300		118968.293	106417.579	0.105	10.550	
..\test\CPX22_CO\classbp\G5122310\	300		113447.521	104242.836	0.081	8.114	
..\test\CPX22_CO\classbp\G5122320\	300		116365.080	104353.935	0.103	10.322	
..\test\CPX22_CO\classbp\G5122400\	301		133685.043	123742.669	0.074	7.437	
..\test\CPX22_CO\classbp\G5122410\	300		131318.431	119704.997	0.088	8.844	
..\test\CPX22_CO\classbp\G5122420\	301		130511.281	120944.133	0.073	7.330	
..\test\CPX22_CO\classbp\G5123300\	300		106243.000	96739.968	0.089	8.945	
..\test\CPX22_CO\classbp\G5123310\	300		105696.000	94880.850	0.102	10.232	
..\test\CPX22_CO\classbp\G5123320\	300		104833.000	95157.763	0.092	9.229	
..\test\CPX22_CO\classbp\G5123400\	300		116540.000	106661.229	0.085	8.477	
..\test\CPX22_CO\classbp\G5123410\	301		115030.500	106301.761	0.076	7.588	
..\test\CPX22_CO\classbp\G5123420\	301		115492.000	107582.218	0.068	6.849	
..\test\CPX22_CO\classbp\G5124300\	300		117645.511	106951.841	0.091	9.090	
..\test\CPX22_CO\classbp\G5124310\	300		114374.715	103847.118	0.092	9.204	
..\test\CPX22_CO\classbp\G5124320\	300		119080.981	109274.348	0.082	8.235	
..\test\CPX22_CO\classbp\G5124400\	301		123384.138	114465.058	0.072	7.229	
..\test\CPX22_CO\classbp\G5124410\	300		122503.531	111792.641	0.087	8.743	
..\test\CPX22_CO\classbp\G5124420\	300		127674.213	118264.182	0.074	7.370	
..\test\CPX22_CO\classbp\G5125300\	300		146645.614	136268.349	0.071	7.076	
..\test\CPX22_CO\classbp\G5125310\	301		123568.160	110606.147	0.105	10.490	
..\test\CPX22_CO\classbp\G5125320\	300		134528.208	120370.169	0.105	10.524	
..\test\CPX22_CO\classbp\G5125400\	300		179873.221	175139.037	0.026	2.632	
..\test\CPX22_CO\classbp\G5125410\	300		146864.839	134736.996	0.083	8.258	
..\test\CPX22_CO\classbp\G5125420\	300		160919.797	148034.215	0.080	8.007	
..\test\CPX22_CO\classbp\G5211300\	301		144925.362	133090.658	0.082	8.166	
..\test\CPX22_CO\classbp\G5211310\	300		133791.020	116907.558	0.126	12.619	
..\test\CPX22_CO\classbp\G5211320\	300		135960.644	120526.429	0.114	11.352	
..\test\CPX22_CO\classbp\G5211400\	300		167522.060	159301.846	0.049	4.907	
..\test\CPX22_CO\classbp\G5211410\	300		153146.076	137275.980	0.104	10.363	
..\test\CPX22_CO\classbp\G5211420\	300		154789.327	141377.591	0.087	8.664	
..\test\CPX22_CO\classbp\G5212300\	300		118652.389	106723.756	0.101	10.053	
..\test\CPX22_CO\classbp\G5212310\	300		113898.634	104051.567	0.086	8.645	
..\test\CPX22_CO\classbp\G5212320\	300		113360.562	102717.979	0.094	9.388	
..\test\CPX22_CO\classbp\G5212400\	300		131346.103	122609.851	0.067	6.651	
..\test\CPX22_CO\classbp\G5212410\	300		127817.995	118787.566	0.071	7.065	
..\test\CPX22_CO\classbp\G5212420\	300		129196.024	117587.869	0.090	8.985	
..\test\CPX22_CO\classbp\G5213300\	300		106769.000	96494.592	0.096	9.623	
..\test\CPX22_CO\classbp\G5213310\	300		104346.750	95183.180	0.088	8.782	
..\test\CPX22_CO\classbp\G5213320\	300		103458.500	93657.334	0.095	9.473	
..\test\CPX22_CO\classbp\G5213400\	301		114780.000	106709.470	0.070	7.031	
..\test\CPX22_CO\classbp\G5213410\	300		113993.500	105624.228	0.073	7.342	
..\test\CPX22_CO\classbp\G5213420\	300		110961.750	104951.870	0.054	5.416	
..\test\CPX22_CO\classbp\G5214300\	300		116406.887	105776.899	0.091	9.132	
..\test\CPX22_CO\classbp\G5214310\	300		113729.961	103666.311	0.088	8.849	
..\test\CPX22_CO\classbp\G5214320\	300		113945.859	105100.873	0.078	7.762	
..\test\CPX22_CO\classbp\G5214400\	300		122347.524	111891.328	0.085	8.546	
..\test\CPX22_CO\classbp\G5214410\	300		121545.483	111261.547	0.085	8.461	
..\test\CPX22_CO\classbp\G5214420\	300		122214.850	113083.616	0.075	7.471	
..\test\CPX22_CO\classbp\G5215300\	300		131079.746	123913.955	0.055	5.467	
..\test\CPX22_CO\classbp\G5215310\	300		120813.045	109960.872	0.090	8.983	
..\test\CPX22_CO\classbp\G5215320\	300		121881.579	110048.896	0.097	9.708	
..\test\CPX22_CO\classbp\G5215400\	300		161939.213	152304.366	0.059	5.950	
..\test\CPX22_CO\classbp\G5215410\	300		143634.575	132848.719	0.075	7.509	
..\test\CPX22_CO\classbp\G5215420\	301		143341.471	131453.693	0.083	8.293	
..\test\CPX22_CO\classbp\G5221300\	300		152986.290	144222.245	0.057	5.729	
..\test\CPX22_CO\classbp\G5221310\	300		134124.895	117470.468	0.124	12.417	
..\test\CPX22_CO\classbp\G5221320\	301		145764.896	125829.867	0.137	13.676	
..\test\CPX22_CO\classbp\G5221400\	300		184800.855	179384.885	0.029	2.931	
..\test\CPX22_CO\classbp\G5221410\	300		150940.545	138896.566	0.080	7.979	
..\test\CPX22_CO\classbp\G5221420\	300		168273.090	147332.171	0.124	12.445	
..\test\CPX22_CO\classbp\G5222300\	300		117899.636	106741.357	0.095	9.464	
..\test\CPX22_CO\classbp\G5222310\	300		115292.211	104123.040	0.097	9.688	
..\test\CPX22_CO\classbp\G5222320\	301		115301.423	104582.400	0.093	9.296	
..\test\CPX22_CO\classbp\G5222400\	300		131524.154	122436.194	0.069	6.910	
..\test\CPX22_CO\classbp\G5222410\	300		128542.216	119562.262	0.070	6.986	
..\test\CPX22_CO\classbp\G5222420\	300		129757.352	119968.582	0.075	7.544	
..\test\CPX22_CO\classbp\G5223300\	300		106924.000	96790.836	0.095	9.477	
..\test\CPX22_CO\classbp\G5223310\	300		105114.000	95571.037	0.091	9.079	
..\test\CPX22_CO\classbp\G5223320\	300		104608.000	94955.713	0.092	9.227	
..\test\CPX22_CO\classbp\G5223400\	301		116115.500	107161.353	0.077	7.711	
..\test\CPX22_CO\classbp\G5223410\	300		113239.000	105387.947	0.069	6.933	
..\test\CPX22_CO\classbp\G5223420\	301		113903.500	105512.504	0.074	7.367	
..\test\CPX22_CO\classbp\G5224300\	300		117649.441	107131.907	0.089	8.940	
..\test\CPX22_CO\classbp\G5224310\	300		115483.163	104245.680	0.097	9.731	
..\test\CPX22_CO\classbp\G5224320\	300		119229.790	109326.226	0.083	8.306	
..\test\CPX22_CO\classbp\G5224400\	300		124365.419	113392.736	0.088	8.823	
..\test\CPX22_CO\classbp\G5224410\	300		121803.806	112692.749	0.075	7.480	
..\test\CPX22_CO\classbp\G5224420\	301		127731.637	119204.243	0.067	6.676	
..\test\CPX22_CO\classbp\G5225300\	300		140105.556	129928.254	0.073	7.264	
..\test\CPX22_CO\classbp\G5225310\	300		121831.030	110380.804	0.094	9.398	
..\test\CPX22_CO\classbp\G5225320\	300		125809.555	114424.413	0.090	9.049	
..\test\CPX22_CO\classbp\G5225400\	301		170820.598	163185.392	0.045	4.470	
..\test\CPX22_CO\classbp\G5225410\	301		141095.306	133566.402	0.053	5.336	
..\test\CPX22_CO\classbp\G5225420\	300		151122.489	137170.017	0.092	9.232	
..\test\CPX22_CO\classbp\G5311300\	301		137624.557	127129.014	0.076	7.626	
..\test\CPX22_CO\classbp\G5311310\	300		125192.559	110669.442	0.116	11.601	
..\test\CPX22_CO\classbp\G5311320\	300		126426.838	110813.950	0.123	12.349	
..\test\CPX22_CO\classbp\G5311400\	300		167701.414	153912.343	0.082	8.222	
..\test\CPX22_CO\classbp\G5311410\	300		144709.412	131506.366	0.091	9.124	
..\test\CPX22_CO\classbp\G5311420\	300		147596.176	131263.883	0.111	11.065	
..\test\CPX22_CO\classbp\G5314300\	300		113905.217	100876.958	0.114	11.438	
..\test\CPX22_CO\classbp\G5314310\	300		110794.290	97624.617	0.119	11.886	
..\test\CPX22_CO\classbp\G5314320\	300		108792.790	97846.684	0.101	10.061	
..\test\CPX22_CO\classbp\G5314400\	301		120696.718	107748.925	0.107	10.727	
..\test\CPX22_CO\classbp\G5314410\	300		118510.116	106802.758	0.099	9.879	
..\test\CPX22_CO\classbp\G5314420\	301		117084.574	106935.351	0.087	8.668	
..\test\CPX22_CO\classbp\G5315300\	300		129739.022	120333.003	0.072	7.250	
..\test\CPX22_CO\classbp\G5315310\	300		116222.749	107483.885	0.075	7.519	
..\test\CPX22_CO\classbp\G5315320\	300		116861.531	106983.646	0.085	8.453	
..\test\CPX22_CO\classbp\G5315400\	300		158432.350	149917.768	0.054	5.374	
..\test\CPX22_CO\classbp\G5315410\	301		139140.036	128981.470	0.073	7.301	
..\test\CPX22_CO\classbp\G5315420\	301		136387.564	127997.859	0.062	6.151	
..\test\CPX22_CO\classbp\G5321300\	300		149419.893	134988.513	0.097	9.658	
..\test\CPX22_CO\classbp\G5321310\	300		126647.784	110778.095	0.125	12.530	
..\test\CPX22_CO\classbp\G5321320\	300		131485.294	115066.076	0.125	12.487	
..\test\CPX22_CO\classbp\G5321400\	300		181492.340	169165.424	0.068	6.792	
..\test\CPX22_CO\classbp\G5321410\	301		146831.008	132146.484	0.100	10.001	
..\test\CPX22_CO\classbp\G5321420\	300		155975.315	136239.367	0.127	12.653	
..\test\CPX22_CO\classbp\G5324300\	300		112975.221	101202.454	0.104	10.421	
..\test\CPX22_CO\classbp\G5324310\	300		111066.145	99057.014	0.108	10.812	
..\test\CPX22_CO\classbp\G5324320\	300		111630.979	100347.969	0.101	10.107	
..\test\CPX22_CO\classbp\G5324400\	300		120426.614	109925.206	0.087	8.720	
..\test\CPX22_CO\classbp\G5324410\	300		119187.644	107318.239	0.100	9.959	
..\test\CPX22_CO\classbp\G5324420\	300		119382.953	109538.538	0.082	8.246	
..\test\CPX22_CO\classbp\G5325300\	300		135611.752	126347.395	0.068	6.831	
..\test\CPX22_CO\classbp\G5325310\	300		116879.661	107806.086	0.078	7.763	
..\test\CPX22_CO\classbp\G5325320\	300		121515.612	110951.145	0.087	8.694	
..\test\CPX22_CO\classbp\G5325400\	301		165084.610	158708.485	0.039	3.862	
..\test\CPX22_CO\classbp\G5325410\	300		137735.217	129993.718	0.056	5.621	
..\test\CPX22_CO\classbp\G5325420\	300		142203.618	133010.851	0.065	6.464	
..\test\CPX22_CO\classbp\G5411300\	300		135062.987	122985.711	0.089	8.942	
..\test\CPX22_CO\classbp\G5411310\	301		122677.492	110675.894	0.098	9.783	
..\test\CPX22_CO\classbp\G5411320\	300		124102.559	110922.294	0.106	10.620	
..\test\CPX22_CO\classbp\G5411400\	301		152099.941	143424.646	0.057	5.704	
..\test\CPX22_CO\classbp\G5411410\	300		141395.885	128693.422	0.090	8.984	
..\test\CPX22_CO\classbp\G5411420\	300		141715.947	127983.946	0.097	9.690	
..\test\CPX22_CO\classbp\G5414300\	301		114273.761	101414.342	0.113	11.253	
..\test\CPX22_CO\classbp\G5414310\	300		111520.826	99080.253	0.112	11.155	
..\test\CPX22_CO\classbp\G5414320\	300		109913.604	98551.969	0.103	10.337	
..\test\CPX22_CO\classbp\G5414400\	301		120781.531	107026.861	0.114	11.388	
..\test\CPX22_CO\classbp\G5414410\	300		118657.857	107050.749	0.098	9.782	
..\test\CPX22_CO\classbp\G5414420\	300		118041.188	106909.594	0.094	9.430	
..\test\CPX22_CO\classbp\G5415300\	301		122722.926	116006.899	0.055	5.472	
..\test\CPX22_CO\classbp\G5415310\	300		116213.016	106627.907	0.082	8.248	
..\test\CPX22_CO\classbp\G5415320\	300		112589.033	104518.342	0.072	7.168	
..\test\CPX22_CO\classbp\G5415400\	300		144735.406	138830.234	0.041	4.080	
..\test\CPX22_CO\classbp\G5415410\	300		134986.311	125429.764	0.071	7.080	
..\test\CPX22_CO\classbp\G5415420\	301		132849.671	123544.526	0.070	7.004	
..\test\CPX22_CO\classbp\G5421300\	301		139580.921	127621.666	0.086	8.568	
..\test\CPX22_CO\classbp\G5421310\	300		123996.324	111419.460	0.101	10.143	
..\test\CPX22_CO\classbp\G5421320\	301		127431.292	113949.620	0.106	10.579	
..\test\CPX22_CO\classbp\G5421400\	301		160759.273	148846.517	0.074	7.410	
..\test\CPX22_CO\classbp\G5421410\	300		141762.325	128969.903	0.090	9.024	
..\test\CPX22_CO\classbp\G5421420\	300		145049.535	132477.383	0.087	8.667	
..\test\CPX22_CO\classbp\G5424300\	301		113830.718	101114.359	0.112	11.171	
..\test\CPX22_CO\classbp\G5424310\	301		111339.396	99134.071	0.110	10.962	
..\test\CPX22_CO\classbp\G5424320\	300		113200.864	101151.257	0.106	10.644	
..\test\CPX22_CO\classbp\G5424400\	300		120962.847	108089.176	0.106	10.643	
..\test\CPX22_CO\classbp\G5424410\	300		118587.576	106054.833	0.106	10.568	
..\test\CPX22_CO\classbp\G5424420\	300		120123.364	108397.409	0.098	9.762	
..\test\CPX22_CO\classbp\G5425300\	300		124158.228	116725.978	0.060	5.986	
..\test\CPX22_CO\classbp\G5425310\	300		116404.224	106426.998	0.086	8.571	
..\test\CPX22_CO\classbp\G5425320\	300		117582.513	106693.384	0.093	9.261	
..\test\CPX22_CO\classbp\G5425400\	300		149675.434	140671.529	0.060	6.016	
..\test\CPX22_CO\classbp\G5425410\	300		135462.683	126256.977	0.068	6.796	
..\test\CPX22_CO\classbp\G5425420\	301		136842.025	126993.481	0.072	7.197	
..\test\CPX22_CO\classbp\K5111300\	300		132841.382	122666.320	0.077	7.659	
..\test\CPX22_CO\classbp\K5111310\	300		118006.328	101394.562	0.141	14.077	
..\test\CPX22_CO\classbp\K5111320\	300		115768.247	102391.539	0.116	11.555	
..\test\CPX22_CO\classbp\K5111400\	300		189865.609	176305.185	0.071	7.142	
..\test\CPX22_CO\classbp\K5111410\	300		160716.918	131685.245	0.181	18.064	
..\test\CPX22_CO\classbp\K5111420\	300		148394.360	131010.818	0.117	11.714	
..\test\CPX22_CO\classbp\K5112300\	300		105382.274	93150.402	0.116	11.607	
..\test\CPX22_CO\classbp\K5112310\	300		104924.430	91227.488	0.131	13.054	
..\test\CPX22_CO\classbp\K5112320\	300		100909.995	88448.112	0.123	12.349	
..\test\CPX22_CO\classbp\K5112400\	300		133827.782	121166.869	0.095	9.461	
..\test\CPX22_CO\classbp\K5112410\	300		128765.421	116214.203	0.097	9.747	
..\test\CPX22_CO\classbp\K5112420\	300		123066.613	113131.560	0.081	8.073	
..\test\CPX22_CO\classbp\K5113300\	300		93866.000	87142.783	0.072	7.162	
..\test\CPX22_CO\classbp\K5113310\	300		95105.000	86261.631	0.093	9.298	
..\test\CPX22_CO\classbp\K5113320\	301		91640.000	83591.342	0.088	8.783	
..\test\CPX22_CO\classbp\K5113400\	301		118079.250	109142.622	0.076	7.568	
..\test\CPX22_CO\classbp\K5113410\	300		117280.500	108541.999	0.075	7.451	
..\test\CPX22_CO\classbp\K5113420\	300		113370.000	105865.274	0.066	6.620	
..\test\CPX22_CO\classbp\K5114300\	300		105762.564	98024.746	0.073	7.316	
..\test\CPX22_CO\classbp\K5114310\	300		106427.176	95113.319	0.106	10.631	
..\test\CPX22_CO\classbp\K5114320\	300		106780.512	96276.848	0.098	9.837	
..\test\CPX22_CO\classbp\K5114400\	300		129827.855	118384.893	0.088	8.814	
..\test\CPX22_CO\classbp\K5114410\	300		129718.204	115773.802	0.107	10.750	
..\test\CPX22_CO\classbp\K5114420\	301		128990.326	112318.168	0.129	12.925	
..\test\CPX22_CO\classbp\K5115300\	301		120909.646	111338.215	0.079	7.916	
..\test\CPX22_CO\classbp\K5115310\	300		107156.118	91931.086	0.142	14.208	
..\test\CPX22_CO\classbp\K5115320\	300		104431.014	91500.534	0.124	12.382	
..\test\CPX22_CO\classbp\K5115400\	301		167687.423	157980.455	0.058	5.789	
..\test\CPX22_CO\classbp\K5115410\	300		138490.662	122311.554	0.117	11.682	
..\test\CPX22_CO\classbp\K5115420\	300		130056.568	120610.491	0.073	7.263	
..\test\CPX22_CO\classbp\K5121300\	300		126236.808	109916.477	0.129	12.928	
..\test\CPX22_CO\classbp\K5121310\	300		111536.074	97184.466	0.129	12.867	
..\test\CPX22_CO\classbp\K5121320\	141		119491.326	119490.769	0.000	0.000	
..\test\CPX22_CO\classbp\K5121400\	300		171169.361	147129.638	0.140	14.044	
..\test\CPX22_CO\classbp\K5121410\	300		143114.558	125708.610	0.122	12.162	
..\test\CPX22_CO\classbp\K5121420\	301		140822.571	125202.584	0.111	11.092	
..\test\CPX22_CO\classbp\K5122300\	300		104704.574	92887.670	0.113	11.286	
..\test\CPX22_CO\classbp\K5122310\	300		102137.919	88616.882	0.132	13.238	
..\test\CPX22_CO\classbp\K5122320\	300		97608.563	86556.002	0.113	11.323	
..\test\CPX22_CO\classbp\K5122400\	300		130245.278	119607.736	0.082	8.167	
..\test\CPX22_CO\classbp\K5122410\	300		125079.493	113558.531	0.092	9.211	
..\test\CPX22_CO\classbp\K5122420\	300		122566.417	110524.179	0.098	9.825	
..\test\CPX22_CO\classbp\K5123300\	300		96642.000	87495.165	0.095	9.465	
..\test\CPX22_CO\classbp\K5123310\	300		92137.500	84092.924	0.087	8.731	
..\test\CPX22_CO\classbp\K5123320\	300		89037.000	81556.792	0.084	8.401	
..\test\CPX22_CO\classbp\K5123400\	301		119683.500	110315.418	0.078	7.827	
..\test\CPX22_CO\classbp\K5123410\	300		113773.000	106933.809	0.060	6.011	
..\test\CPX22_CO\classbp\K5123420\	300		110285.500	103029.806	0.066	6.579	
..\test\CPX22_CO\classbp\K5124300\	301		109401.506	100491.906	0.081	8.144	
..\test\CPX22_CO\classbp\K5124310\	300		102181.268	92951.505	0.090	9.033	
..\test\CPX22_CO\classbp\K5124320\	301		103216.921	93125.684	0.098	9.777	
..\test\CPX22_CO\classbp\K5124400\	300		132156.212	119652.305	0.095	9.461	
..\test\CPX22_CO\classbp\K5124410\	300		127420.022	111766.914	0.123	12.285	
..\test\CPX22_CO\classbp\K5124420\	300		124021.960	110553.563	0.109	10.860	
..\test\CPX22_CO\classbp\K5125300\	300		114127.756	98942.559	0.133	13.305	
..\test\CPX22_CO\classbp\K5125310\	300		102268.778	89273.888	0.127	12.706	
..\test\CPX22_CO\classbp\K5125320\	300		100216.874	88143.979	0.120	12.047	
..\test\CPX22_CO\classbp\K5125400\	300		155259.784	135362.561	0.128	12.815	
..\test\CPX22_CO\classbp\K5125410\	300		129596.374	118606.763	0.085	8.480	
..\test\CPX22_CO\classbp\K5125420\	300		126570.444	116875.692	0.077	7.660	
..\test\CPX22_CO\classbp\K5211300\	301		130983.465	121115.672	0.075	7.534	
..\test\CPX22_CO\classbp\K5211310\	300		116818.257	102015.019	0.127	12.672	
..\test\CPX22_CO\classbp\K5211320\	300		115404.420	102027.440	0.116	11.591	
..\test\CPX22_CO\classbp\K5211400\	300		183561.161	174093.691	0.052	5.158	
..\test\CPX22_CO\classbp\K5211410\	300		146865.144	131927.030	0.102	10.171	
..\test\CPX22_CO\classbp\K5211420\	300		145709.025	130076.767	0.107	10.728	
..\test\CPX22_CO\classbp\K5212300\	300		104715.698	93216.236	0.110	10.981	
..\test\CPX22_CO\classbp\K5212310\	301		105314.122	91380.167	0.132	13.231	
..\test\CPX22_CO\classbp\K5212320\	300		98284.000	89306.021	0.091	9.135	
..\test\CPX22_CO\classbp\K5212400\	300		132532.373	121532.565	0.083	8.300	
..\test\CPX22_CO\classbp\K5212410\	300		127373.056	116288.738	0.087	8.702	
..\test\CPX22_CO\classbp\K5212420\	300		122410.264	113396.787	0.074	7.363	
..\test\CPX22_CO\classbp\K5213300\	301		94881.000	87445.235	0.078	7.837	
..\test\CPX22_CO\classbp\K5213310\	301		95696.500	86874.524	0.092	9.219	
..\test\CPX22_CO\classbp\K5213320\	300		90839.500	83846.884	0.077	7.698	
..\test\CPX22_CO\classbp\K5213400\	300		117779.000	110651.581	0.061	6.051	
..\test\CPX22_CO\classbp\K5213410\	300		116278.500	109562.109	0.058	5.776	
..\test\CPX22_CO\classbp\K5213420\	300		111766.000	106131.862	0.050	5.041	
..\test\CPX22_CO\classbp\K5214300\	300		106147.857	99008.066	0.067	6.726	
..\test\CPX22_CO\classbp\K5214310\	300		105298.226	97448.348	0.075	7.455	
..\test\CPX22_CO\classbp\K5214320\	301		106725.746	97421.691	0.087	8.718	
..\test\CPX22_CO\classbp\K5214400\	300		129350.790	118605.819	0.083	8.307	
..\test\CPX22_CO\classbp\K5214410\	300		129338.108	116938.845	0.096	9.587	
..\test\CPX22_CO\classbp\K5214420\	300		127752.885	115364.468	0.097	9.697	
..\test\CPX22_CO\classbp\K5215300\	300		117358.381	108750.149	0.073	7.335	
..\test\CPX22_CO\classbp\K5215310\	300		105285.703	91657.894	0.129	12.944	
..\test\CPX22_CO\classbp\K5215320\	300		102408.767	90176.058	0.119	11.945	
..\test\CPX22_CO\classbp\K5215400\	300		161832.618	154351.741	0.046	4.623	
..\test\CPX22_CO\classbp\K5215410\	300		133071.960	121176.802	0.089	8.939	
..\test\CPX22_CO\classbp\K5215420\	300		126619.204	118205.617	0.066	6.645	
..\test\CPX22_CO\classbp\K5221300\	300		122661.266	109270.888	0.109	10.916	
..\test\CPX22_CO\classbp\K5221310\	300		109565.237	97744.706	0.108	10.788	
..\test\CPX22_CO\classbp\K5221320\	300		112927.445	98088.276	0.131	13.140	
..\test\CPX22_CO\classbp\K5221400\	300		164295.695	143731.457	0.125	12.517	
..\test\CPX22_CO\classbp\K5221410\	300		138170.435	125034.801	0.095	9.507	
..\test\CPX22_CO\classbp\K5221420\	300		139178.590	124451.103	0.106	10.582	
..\test\CPX22_CO\classbp\K5222300\	300		105404.622	93479.987	0.113	11.313	
..\test\CPX22_CO\classbp\K5222310\	300		100892.416	88810.744	0.120	11.975	
..\test\CPX22_CO\classbp\K5222320\	300		96747.567	86830.792	0.103	10.250	
..\test\CPX22_CO\classbp\K5222400\	300		131104.849	119571.413	0.088	8.797	
..\test\CPX22_CO\classbp\K5222410\	300		124659.680	112826.579	0.095	9.492	
..\test\CPX22_CO\classbp\K5222420\	300		121181.983	111012.490	0.084	8.392	
..\test\CPX22_CO\classbp\K5223300\	300		96130.000	87866.948	0.086	8.596	
..\test\CPX22_CO\classbp\K5223310\	300		91803.500	84928.458	0.075	7.489	
..\test\CPX22_CO\classbp\K5223320\	300		89126.000	82385.773	0.076	7.562	
..\test\CPX22_CO\classbp\K5223400\	300		119074.000	111127.321	0.067	6.674	
..\test\CPX22_CO\classbp\K5223410\	300		113508.000	107294.371	0.055	5.474	
..\test\CPX22_CO\classbp\K5223420\	300		110979.000	103545.399	0.067	6.698	
..\test\CPX22_CO\classbp\K5224300\	300		109113.533	101071.222	0.074	7.371	
..\test\CPX22_CO\classbp\K5224310\	300		102092.691	93876.960	0.080	8.047	
..\test\CPX22_CO\classbp\K5224320\	300		102300.533	93731.929	0.084	8.376	
..\test\CPX22_CO\classbp\K5224400\	301		132401.494	119477.916	0.098	9.761	
..\test\CPX22_CO\classbp\K5224410\	301		126680.260	112565.536	0.111	11.142	
..\test\CPX22_CO\classbp\K5224420\	301		123605.606	111408.317	0.099	9.868	
..\test\CPX22_CO\classbp\K5225300\	300		110171.093	96481.263	0.124	12.426	
..\test\CPX22_CO\classbp\K5225310\	300		101348.748	88875.970	0.123	12.307	
..\test\CPX22_CO\classbp\K5225320\	300		99085.851	87601.205	0.116	11.590	
..\test\CPX22_CO\classbp\K5225400\	300		146853.080	130586.673	0.111	11.077	
..\test\CPX22_CO\classbp\K5225410\	300		127069.969	116792.001	0.081	8.088	
..\test\CPX22_CO\classbp\K5225420\	300		123794.780	114451.606	0.075	7.547	
..\test\CPX22_CO\classbp\G5111300\	3606.000		146863.941	136293.610	0.072	7.197	
..\test\CPX22_CO\classbp\G5111310\	3604.000		132613.922	118368.443	0.107	10.742	
..\test\CPX22_CO\classbp\G5111320\	3604.000		137041.308	123277.685	0.100	10.043	
..\test\CPX22_CO\classbp\G5111400\	3605.000		175939.416	168239.188	0.044	4.377	
..\test\CPX22_CO\classbp\G5111410\	3604.000		155327.460	142352.185	0.084	8.353	
..\test\CPX22_CO\classbp\G5111420\	3603.000		159020.319	147246.094	0.074	7.404	
..\test\CPX22_CO\classbp\G5112300\	3606.000		118277.582	107958.254	0.087	8.725	
..\test\CPX22_CO\classbp\G5112310\	3604.000		113111.084	105485.707	0.067	6.741	
..\test\CPX22_CO\classbp\G5112320\	3604.000		111614.691	104457.463	0.064	6.412	
..\test\CPX22_CO\classbp\G5112400\	3604.000		131615.359	125963.009	0.043	4.295	
..\test\CPX22_CO\classbp\G5112410\	3606.000		128929.400	121435.131	0.058	5.813	
..\test\CPX22_CO\classbp\G5112420\	3603.000		127230.221	121868.874	0.042	4.214	
..\test\CPX22_CO\classbp\G5113300\	3606.000		106227.000	97754.977	0.080	7.975	
..\test\CPX22_CO\classbp\G5113310\	3606.000		104306.000	95999.646	0.080	7.963	
..\test\CPX22_CO\classbp\G5113320\	3605.000		103414.000	95387.763	0.078	7.761	
..\test\CPX22_CO\classbp\G5113400\	3604.000		115552.000	111432.425	0.036	3.565	
..\test\CPX22_CO\classbp\G5113410\	3605.000		114821.000	109654.884	0.045	4.499	
..\test\CPX22_CO\classbp\G5113420\	3606.000		111207.625	108210.603	0.027	2.695	
..\test\CPX22_CO\classbp\G5114300\	3605.000		116434.947	107172.418	0.080	7.955	
..\test\CPX22_CO\classbp\G5114310\	3605.000		114513.503	104490.640	0.088	8.752	
..\test\CPX22_CO\classbp\G5114320\	3605.000		114161.112	106795.277	0.065	6.452	
..\test\CPX22_CO\classbp\G5114400\	3608.000		123222.181	116729.796	0.053	5.269	
..\test\CPX22_CO\classbp\G5114410\	3606.000		121452.280	115113.506	0.052	5.219	
..\test\CPX22_CO\classbp\G5114420\	3605.000		121694.440	117387.006	0.035	3.540	
..\test\CPX22_CO\classbp\G5115300\	3604.000		135145.821	127471.815	0.057	5.678	
..\test\CPX22_CO\classbp\G5115310\	3604.000		120583.948	112316.166	0.069	6.856	
..\test\CPX22_CO\classbp\G5115320\	3603.000		122378.150	114003.424	0.068	6.843	
..\test\CPX22_CO\classbp\G5115400\	3604.000		165521.988	161553.636	0.024	2.397	
..\test\CPX22_CO\classbp\G5115410\	3603.000		144018.066	136769.168	0.050	5.033	
..\test\CPX22_CO\classbp\G5115420\	3604.000		147568.498	137952.169	0.065	6.516	
..\test\CPX22_CO\classbp\G5121300\	3608.000		158780.214	150620.745	0.051	5.139	
..\test\CPX22_CO\classbp\G5121310\	3605.000		133319.874	119155.785	0.106	10.624	
..\test\CPX22_CO\classbp\G5121320\	3604.000		153880.728	135847.717	0.117	11.719	
..\test\CPX22_CO\classbp\G5121400\	3603.000		194969.872	192580.595	0.012	1.225	
..\test\CPX22_CO\classbp\G5121410\	3604.000		153641.506	142710.402	0.071	7.115	
..\test\CPX22_CO\classbp\G5121420\	3606.000		190465.322	167816.003	0.119	11.892	
..\test\CPX22_CO\classbp\G5122300\	3605.000		118364.009	107953.253	0.088	8.795	
..\test\CPX22_CO\classbp\G5122310\	3604.000		113254.730	105877.975	0.065	6.513	
..\test\CPX22_CO\classbp\G5122320\	3605.000		116365.080	105958.961	0.089	8.943	
..\test\CPX22_CO\classbp\G5122400\	3603.000		131325.477	126577.909	0.036	3.615	
..\test\CPX22_CO\classbp\G5122410\	3604.000		128164.431	122879.303	0.041	4.124	
..\test\CPX22_CO\classbp\G5122420\	3602.000		128697.080	124442.954	0.033	3.306	
..\test\CPX22_CO\classbp\G5123300\	3606.000		106992.000	98471.356	0.080	7.964	
..\test\CPX22_CO\classbp\G5123310\	3605.000		105457.750	97061.455	0.080	7.962	
..\test\CPX22_CO\classbp\G5123320\	3604.000		104568.000	97027.888	0.072	7.211	
..\test\CPX22_CO\classbp\G5123400\	3604.000		115565.500	111732.918	0.033	3.316	
..\test\CPX22_CO\classbp\G5123410\	3604.000		113638.000	109865.561	0.033	3.320	
..\test\CPX22_CO\classbp\G5123420\	3603.000		114530.500	110499.655	0.035	3.519	
..\test\CPX22_CO\classbp\G5124300\	3606.000		117549.330	107959.989	0.082	8.158	
..\test\CPX22_CO\classbp\G5124310\	3604.000		113813.421	105190.287	0.076	7.576	
..\test\CPX22_CO\classbp\G5124320\	3606.000		119299.826	111512.638	0.065	6.527	
..\test\CPX22_CO\classbp\G5124400\	3604.000		123548.327	117645.787	0.048	4.777	
..\test\CPX22_CO\classbp\G5124410\	3604.000		121507.486	116214.779	0.044	4.356	
..\test\CPX22_CO\classbp\G5124420\	3604.000		127184.224	122317.921	0.038	3.826	
..\test\CPX22_CO\classbp\G5125300\	3604.000		146645.614	138209.624	0.058	5.753	
..\test\CPX22_CO\classbp\G5125310\	3603.000		123043.026	112151.860	0.089	8.851	
..\test\CPX22_CO\classbp\G5125320\	3604.000		133585.709	122071.710	0.086	8.619	
..\test\CPX22_CO\classbp\G5125400\	1069.000		178617.084	178615.308	0.000	0.001	
..\test\CPX22_CO\classbp\G5125410\	3604.000		146864.839	137617.336	0.063	6.297	
..\test\CPX22_CO\classbp\G5125420\	3604.000		160919.797	152053.242	0.055	5.510	
..\test\CPX22_CO\classbp\G5211300\	3605.000		144557.185	135137.212	0.065	6.516	
..\test\CPX22_CO\classbp\G5211310\	3606.000		132798.690	118100.460	0.111	11.068	
..\test\CPX22_CO\classbp\G5211320\	3604.000		135719.591	122633.038	0.096	9.642	
..\test\CPX22_CO\classbp\G5211400\	3603.000		167522.060	163235.108	0.026	2.559	
..\test\CPX22_CO\classbp\G5211410\	3603.000		149597.140	140006.172	0.064	6.411	
..\test\CPX22_CO\classbp\G5211420\	3603.000		154555.366	145175.689	0.061	6.069	
..\test\CPX22_CO\classbp\G5212300\	3607.000		118250.103	107801.242	0.088	8.836	
..\test\CPX22_CO\classbp\G5212310\	3605.000		113898.634	105216.809	0.076	7.622	
..\test\CPX22_CO\classbp\G5212320\	3605.000		112944.062	103983.117	0.079	7.934	
..\test\CPX22_CO\classbp\G5212400\	3604.000		129479.870	125167.206	0.033	3.331	
..\test\CPX22_CO\classbp\G5212410\	3603.000		127817.995	121515.734	0.049	4.931	
..\test\CPX22_CO\classbp\G5212420\	3604.000		126663.802	120443.589	0.049	4.911	
..\test\CPX22_CO\classbp\G5213300\	3605.000		106675.000	97999.974	0.081	8.132	
..\test\CPX22_CO\classbp\G5213310\	3604.000		103831.500	97331.217	0.063	6.260	
..\test\CPX22_CO\classbp\G5213320\	3606.000		102010.000	95522.245	0.064	6.360	
..\test\CPX22_CO\classbp\G5213400\	3603.000		113981.500	111046.369	0.026	2.575	
..\test\CPX22_CO\classbp\G5213410\	3604.000		113259.000	108965.693	0.038	3.791	
..\test\CPX22_CO\classbp\G5213420\	3602.000		110961.750	109283.387	0.015	1.513	
..\test\CPX22_CO\classbp\G5214300\	3606.000		116406.887	107078.908	0.080	8.013	
..\test\CPX22_CO\classbp\G5214310\	3605.000		113820.729	104920.026	0.078	7.820	
..\test\CPX22_CO\classbp\G5214320\	3604.000		113945.859	107665.914	0.055	5.511	
..\test\CPX22_CO\classbp\G5214400\	3606.000		122347.524	116438.443	0.048	4.830	
..\test\CPX22_CO\classbp\G5214410\	3604.000		121445.380	114630.006	0.056	5.612	
..\test\CPX22_CO\classbp\G5214420\	3605.000		122214.850	117317.111	0.040	4.007	
..\test\CPX22_CO\classbp\G5215300\	3605.000		130905.376	125580.784	0.041	4.067	
..\test\CPX22_CO\classbp\G5215310\	3607.000		120051.043	111063.746	0.075	7.486	
..\test\CPX22_CO\classbp\G5215320\	3604.000		119684.846	111482.604	0.069	6.853	
..\test\CPX22_CO\classbp\G5215400\	3603.000		159875.921	155687.876	0.026	2.620	
..\test\CPX22_CO\classbp\G5215410\	3603.000		141181.154	135139.079	0.043	4.280	
..\test\CPX22_CO\classbp\G5215420\	3604.000		142773.120	133920.967	0.062	6.200	
..\test\CPX22_CO\classbp\G5221300\	3606.000		152986.290	146347.167	0.043	4.340	
..\test\CPX22_CO\classbp\G5221310\	3605.000		132952.476	118630.786	0.108	10.772	
..\test\CPX22_CO\classbp\G5221320\	3603.000		145713.156	128134.997	0.121	12.063	
..\test\CPX22_CO\classbp\G5221400\	3606.000		184741.648	182901.711	0.010	0.996	
..\test\CPX22_CO\classbp\G5221410\	3603.000		149979.662	143045.683	0.046	4.623	
..\test\CPX22_CO\classbp\G5221420\	3604.000		167738.810	151149.316	0.099	9.890	
..\test\CPX22_CO\classbp\G5222300\	3605.000		117692.636	107803.686	0.084	8.402	
..\test\CPX22_CO\classbp\G5222310\	3604.000		114023.712	105152.775	0.078	7.780	
..\test\CPX22_CO\classbp\G5222320\	3605.000		115261.208	105989.407	0.080	8.044	
..\test\CPX22_CO\classbp\G5222400\	3604.000		130850.851	125057.356	0.044	4.428	
..\test\CPX22_CO\classbp\G5222410\	3603.000		128542.216	122287.160	0.049	4.866	
..\test\CPX22_CO\classbp\G5222420\	3603.000		127912.686	123074.904	0.038	3.782	
..\test\CPX22_CO\classbp\G5223300\	3605.000		106924.000	98586.434	0.078	7.798	
..\test\CPX22_CO\classbp\G5223310\	3605.000		105202.875	97089.941	0.077	7.712	
..\test\CPX22_CO\classbp\G5223320\	3604.000		104608.000	96866.127	0.074	7.401	
..\test\CPX22_CO\classbp\G5223400\	3602.000		115090.500	110939.740	0.036	3.606	
..\test\CPX22_CO\classbp\G5223410\	3604.000		113239.000	109864.987	0.030	2.980	
..\test\CPX22_CO\classbp\G5223420\	3603.000		113903.500	109509.680	0.039	3.857	
..\test\CPX22_CO\classbp\G5224300\	3605.000		116846.848	108275.295	0.073	7.336	
..\test\CPX22_CO\classbp\G5224310\	3606.000		114843.796	106212.974	0.075	7.515	
..\test\CPX22_CO\classbp\G5224320\	3605.000		119343.447	111556.905	0.065	6.524	
..\test\CPX22_CO\classbp\G5224400\	3604.000		124089.398	116336.469	0.062	6.248	
..\test\CPX22_CO\classbp\G5224410\	3605.000		121786.558	115737.201	0.050	4.967	
..\test\CPX22_CO\classbp\G5224420\	3604.000		126763.219	122511.540	0.034	3.354	
..\test\CPX22_CO\classbp\G5225300\	3608.000		140105.556	131752.774	0.060	5.962	
..\test\CPX22_CO\classbp\G5225310\	3605.000		118764.119	111408.983	0.062	6.193	
..\test\CPX22_CO\classbp\G5225320\	3605.000		125809.555	115817.583	0.079	7.942	
..\test\CPX22_CO\classbp\G5225400\	1416.000		168043.834	168042.157	0.000	0.001	
..\test\CPX22_CO\classbp\G5225410\	3603.000		141095.306	136208.165	0.035	3.464	
..\test\CPX22_CO\classbp\G5225420\	3605.000		148891.188	140352.019	0.057	5.735	
..\test\CPX22_CO\classbp\G5311300\	3605.000		137624.557	128714.820	0.065	6.474	
..\test\CPX22_CO\classbp\G5311310\	3606.000		125831.949	111825.798	0.111	11.131	
..\test\CPX22_CO\classbp\G5311320\	3604.000		126426.838	112177.170	0.113	11.271	
..\test\CPX22_CO\classbp\G5311400\	3604.000		163656.060	156933.225	0.041	4.108	
..\test\CPX22_CO\classbp\G5311410\	3604.000		144708.260	135054.740	0.067	6.671	
..\test\CPX22_CO\classbp\G5311420\	3604.000		144919.286	133582.005	0.078	7.823	
..\test\CPX22_CO\classbp\G5314300\	3607.000		113701.217	102913.740	0.095	9.487	
..\test\CPX22_CO\classbp\G5314310\	3604.000		110731.290	99400.626	0.102	10.232	
..\test\CPX22_CO\classbp\G5314320\	3605.000		108781.938	99348.961	0.087	8.671	
..\test\CPX22_CO\classbp\G5314400\	3607.000		119851.963	111469.168	0.070	6.994	
..\test\CPX22_CO\classbp\G5314410\	3604.000		117353.044	110934.091	0.055	5.470	
..\test\CPX22_CO\classbp\G5314420\	3606.000		117069.574	110000.016	0.060	6.039	
..\test\CPX22_CO\classbp\G5315300\	3604.000		129652.529	121962.701	0.059	5.931	
..\test\CPX22_CO\classbp\G5315310\	3604.000		116222.749	108827.203	0.064	6.363	
..\test\CPX22_CO\classbp\G5315320\	3604.000		115424.060	107817.338	0.066	6.590	
..\test\CPX22_CO\classbp\G5315400\	3603.000		156684.825	153027.536	0.023	2.334	
..\test\CPX22_CO\classbp\G5315410\	3602.000		139140.036	131832.732	0.053	5.252	
..\test\CPX22_CO\classbp\G5315420\	3603.000		136365.564	131384.871	0.037	3.652	
..\test\CPX22_CO\classbp\G5321300\	3606.000		147692.006	137152.712	0.071	7.136	
..\test\CPX22_CO\classbp\G5321310\	3604.000		124545.235	112097.875	0.100	9.994	
..\test\CPX22_CO\classbp\G5321320\	3605.000		131327.217	116355.937	0.114	11.400	
..\test\CPX22_CO\classbp\G5321400\	3604.000		180615.032	172888.028	0.043	4.278	
..\test\CPX22_CO\classbp\G5321410\	3603.000		146721.757	134956.814	0.080	8.018	
..\test\CPX22_CO\classbp\G5321420\	3603.000		150767.452	139341.031	0.076	7.579	
..\test\CPX22_CO\classbp\G5324300\	3606.000		112975.221	102532.238	0.092	9.244	
..\test\CPX22_CO\classbp\G5324310\	3605.000		110987.145	100265.688	0.097	9.660	
..\test\CPX22_CO\classbp\G5324320\	3607.000		112016.791	101902.985	0.090	9.029	
..\test\CPX22_CO\classbp\G5324400\	3604.000		120406.614	113179.047	0.060	6.003	
..\test\CPX22_CO\classbp\G5324410\	3604.000		117519.006	110980.723	0.056	5.564	
..\test\CPX22_CO\classbp\G5324420\	3604.000		119163.399	113356.748	0.049	4.873	
..\test\CPX22_CO\classbp\G5325300\	3605.000		135611.752	128142.965	0.055	5.507	
..\test\CPX22_CO\classbp\G5325310\	3605.000		116879.661	108877.669	0.068	6.846	
..\test\CPX22_CO\classbp\G5325320\	3604.000		121342.391	112160.593	0.076	7.567	
..\test\CPX22_CO\classbp\G5325400\	3603.000		164967.853	162815.008	0.013	1.305	
..\test\CPX22_CO\classbp\G5325410\	3603.000		137735.217	133037.819	0.034	3.410	
..\test\CPX22_CO\classbp\G5325420\	3603.000		142203.618	135557.113	0.047	4.674	
..\test\CPX22_CO\classbp\G5411300\	3606.000		135014.318	124471.780	0.078	7.808	
..\test\CPX22_CO\classbp\G5411310\	3605.000		122677.492	112030.029	0.087	8.679	
..\test\CPX22_CO\classbp\G5411320\	3605.000		124086.948	112073.898	0.097	9.681	
..\test\CPX22_CO\classbp\G5411400\	3604.000		152099.941	147339.137	0.031	3.130	
..\test\CPX22_CO\classbp\G5411410\	3604.000		141395.885	132633.146	0.062	6.197	
..\test\CPX22_CO\classbp\G5411420\	3604.000		141685.948	131724.080	0.070	7.031	
..\test\CPX22_CO\classbp\G5414300\	3605.000		113697.296	102483.521	0.099	9.863	
..\test\CPX22_CO\classbp\G5414310\	3606.000		111520.826	100623.757	0.098	9.771	
..\test\CPX22_CO\classbp\G5414320\	3605.000		109876.604	100220.405	0.088	8.788	
..\test\CPX22_CO\classbp\G5414400\	3603.000		120357.097	112058.184	0.069	6.895	
..\test\CPX22_CO\classbp\G5414410\	3605.000		117801.988	110668.748	0.061	6.055	
..\test\CPX22_CO\classbp\G5414420\	3604.000		116380.811	110771.582	0.048	4.820	
..\test\CPX22_CO\classbp\G5415300\	3604.000		122722.926	117432.072	0.043	4.311	
..\test\CPX22_CO\classbp\G5415310\	3605.000		113664.770	107959.594	0.050	5.019	
..\test\CPX22_CO\classbp\G5415320\	3605.000		112074.960	105725.106	0.057	5.666	
..\test\CPX22_CO\classbp\G5415400\	3603.000		144735.406	141283.598	0.024	2.385	
..\test\CPX22_CO\classbp\G5415410\	3604.000		134986.311	128230.770	0.050	5.005	
..\test\CPX22_CO\classbp\G5415420\	3603.000		131996.340	126348.063	0.043	4.279	
..\test\CPX22_CO\classbp\G5421300\	3604.000		138934.096	129613.080	0.067	6.709	
..\test\CPX22_CO\classbp\G5421310\	3604.000		123996.324	112847.831	0.090	8.991	
..\test\CPX22_CO\classbp\G5421320\	3606.000		127168.408	115709.889	0.090	9.010	
..\test\CPX22_CO\classbp\G5421400\	3604.000		158268.575	152708.521	0.035	3.513	
..\test\CPX22_CO\classbp\G5421410\	3605.000		141719.159	132366.923	0.066	6.599	
..\test\CPX22_CO\classbp\G5421420\	3605.000		144974.590	136438.011	0.059	5.888	
..\test\CPX22_CO\classbp\G5424300\	3605.000		114801.432	102251.232	0.109	10.932	
..\test\CPX22_CO\classbp\G5424310\	3605.000		111339.396	101255.619	0.091	9.057	
..\test\CPX22_CO\classbp\G5424320\	3607.000		112812.864	102558.317	0.091	9.090	
..\test\CPX22_CO\classbp\G5424400\	3604.000		119965.222	113207.353	0.056	5.633	
..\test\CPX22_CO\classbp\G5424410\	3607.000		118509.934	111038.378	0.063	6.305	
..\test\CPX22_CO\classbp\G5424420\	3605.000		118701.787	112927.102	0.049	4.865	
..\test\CPX22_CO\classbp\G5425300\	3604.000		124158.228	118911.832	0.042	4.226	
..\test\CPX22_CO\classbp\G5425310\	3605.000		114409.904	107760.479	0.058	5.812	
..\test\CPX22_CO\classbp\G5425320\	3604.000		117373.659	108137.432	0.079	7.869	
..\test\CPX22_CO\classbp\G5425400\	3602.000		148244.777	144582.300	0.025	2.471	
..\test\CPX22_CO\classbp\G5425410\	3603.000		134019.607	129064.310	0.037	3.697	
..\test\CPX22_CO\classbp\G5425420\	3603.000		135518.897	128839.327	0.049	4.929	
..\test\CPX22_CO\classbp\K5111300\	3606.000		132669.400	124074.327	0.065	6.479	
..\test\CPX22_CO\classbp\K5111310\	3604.000		117961.998	103793.739	0.120	12.011	
..\test\CPX22_CO\classbp\K5111320\	3604.000		115099.369	104411.975	0.093	9.285	
..\test\CPX22_CO\classbp\K5111400\	3605.000		189865.609	179126.670	0.057	5.656	
..\test\CPX22_CO\classbp\K5111410\	3604.000		158556.188	133993.840	0.155	15.491	
..\test\CPX22_CO\classbp\K5111420\	3604.000		148392.243	132390.464	0.108	10.783	
..\test\CPX22_CO\classbp\K5112300\	3607.000		105432.846	94438.181	0.104	10.428	
..\test\CPX22_CO\classbp\K5112310\	3609.000		104513.769	92453.904	0.115	11.539	
..\test\CPX22_CO\classbp\K5112320\	3606.000		100994.709	90053.094	0.108	10.834	
..\test\CPX22_CO\classbp\K5112400\	3604.000		132908.929	123330.906	0.072	7.206	
..\test\CPX22_CO\classbp\K5112410\	3605.000		129057.653	118051.846	0.085	8.528	
..\test\CPX22_CO\classbp\K5112420\	3604.000		122397.130	114421.676	0.065	6.516	
..\test\CPX22_CO\classbp\K5113300\	3605.000		93866.000	88255.450	0.060	5.977	
..\test\CPX22_CO\classbp\K5113310\	3606.000		95482.000	87089.750	0.088	8.789	
..\test\CPX22_CO\classbp\K5113320\	3605.000		91640.000	84506.923	0.078	7.784	
..\test\CPX22_CO\classbp\K5113400\	3605.000		117780.500	111425.729	0.054	5.395	
..\test\CPX22_CO\classbp\K5113410\	3604.000		116112.500	110263.392	0.050	5.037	
..\test\CPX22_CO\classbp\K5113420\	3605.000		113041.000	106980.162	0.054	5.362	
..\test\CPX22_CO\classbp\K5114300\	3604.000		105655.278	99846.266	0.055	5.498	
..\test\CPX22_CO\classbp\K5114310\	3605.000		106231.732	97443.356	0.083	8.273	
..\test\CPX22_CO\classbp\K5114320\	3606.000		106780.512	98097.358	0.081	8.132	
..\test\CPX22_CO\classbp\K5114400\	3609.000		129538.855	119630.089	0.076	7.649	
..\test\CPX22_CO\classbp\K5114410\	3604.000		128498.909	117520.988	0.085	8.543	
..\test\CPX22_CO\classbp\K5114420\	3605.000		128600.426	114320.903	0.111	11.104	
..\test\CPX22_CO\classbp\K5115300\	3605.000		120826.504	112935.121	0.065	6.531	
..\test\CPX22_CO\classbp\K5115310\	3605.000		107156.118	93178.699	0.130	13.044	
..\test\CPX22_CO\classbp\K5115320\	3606.000		105024.444	92388.028	0.120	12.032	
..\test\CPX22_CO\classbp\K5115400\	3603.000		167735.533	160248.956	0.045	4.463	
..\test\CPX22_CO\classbp\K5115410\	3605.000		139082.315	123547.790	0.112	11.169	
..\test\CPX22_CO\classbp\K5115420\	3606.000		130056.568	121835.139	0.063	6.321	
..\test\CPX22_CO\classbp\K5121300\	3605.000		125263.136	111879.295	0.107	10.684	
..\test\CPX22_CO\classbp\K5121310\	3603.000		110979.086	99160.472	0.106	10.649	
..\test\CPX22_CO\classbp\K5121320\	123.000		119491.326	119490.769	0.000	0.000	
..\test\CPX22_CO\classbp\K5121400\	3606.000		171370.463	149734.856	0.126	12.625	
..\test\CPX22_CO\classbp\K5121410\	3604.000		140749.608	127903.776	0.091	9.127	
..\test\CPX22_CO\classbp\K5121420\	3602.000		141222.397	126984.024	0.101	10.082	
..\test\CPX22_CO\classbp\K5122300\	3605.000		103509.000	94135.983	0.091	9.055	
..\test\CPX22_CO\classbp\K5122310\	3608.000		102137.919	89647.993	0.122	12.228	
..\test\CPX22_CO\classbp\K5122320\	3604.000		96469.708	87516.939	0.093	9.280	
..\test\CPX22_CO\classbp\K5122400\	3605.000		131661.420	121144.780	0.080	7.988	
..\test\CPX22_CO\classbp\K5122410\	3605.000		124431.417	114804.526	0.077	7.737	
..\test\CPX22_CO\classbp\K5122420\	3604.000		122372.134	111515.802	0.089	8.871	
..\test\CPX22_CO\classbp\K5123300\	3605.000		96104.000	88549.745	0.079	7.860	
..\test\CPX22_CO\classbp\K5123310\	3605.000		92137.500	85057.823	0.077	7.684	
..\test\CPX22_CO\classbp\K5123320\	3604.000		88899.000	82449.182	0.073	7.255	
..\test\CPX22_CO\classbp\K5123400\	3608.000		118929.500	112199.754	0.057	5.659	
..\test\CPX22_CO\classbp\K5123410\	3609.000		113773.000	108282.114	0.048	4.826	
..\test\CPX22_CO\classbp\K5123420\	3605.000		110285.500	104635.405	0.051	5.123	
..\test\CPX22_CO\classbp\K5124300\	3606.000		108529.954	101497.026	0.065	6.480	
..\test\CPX22_CO\classbp\K5124310\	3604.000		102181.268	94302.372	0.077	7.711	
..\test\CPX22_CO\classbp\K5124320\	3603.000		103216.921	95047.553	0.079	7.915	
..\test\CPX22_CO\classbp\K5124400\	3603.000		129984.828	120849.229	0.070	7.028	
..\test\CPX22_CO\classbp\K5124410\	3605.000		127444.678	112997.453	0.113	11.336	
..\test\CPX22_CO\classbp\K5124420\	3605.000		123695.832	112539.681	0.090	9.019	
..\test\CPX22_CO\classbp\K5125300\	3607.000		113835.868	100426.929	0.118	11.779	
..\test\CPX22_CO\classbp\K5125310\	3605.000		101595.650	90325.186	0.111	11.093	
..\test\CPX22_CO\classbp\K5125320\	3604.000		99831.326	88910.190	0.109	10.939	
..\test\CPX22_CO\classbp\K5125400\	3603.000		154937.619	138419.011	0.107	10.661
..\test\CPX22_CO\classbp\K5125410\	3606.000		127435.918	120203.971	0.057	5.675	
..\test\CPX22_CO\classbp\K5125420\	3608.000		126379.168	117946.298	0.067	6.673	
..\test\CPX22_CO\classbp\K5211300\	3611.000		130884.520	122474.226	0.064	6.426	
..\test\CPX22_CO\classbp\K5211310\	3607.000		116771.582	103521.348	0.113	11.347	
..\test\CPX22_CO\classbp\K5211320\	3603.000		114518.470	103782.338	0.094	9.375	
..\test\CPX22_CO\classbp\K5211400\	3606.000		183561.161	176282.692	0.040	3.965	
..\test\CPX22_CO\classbp\K5211410\	3606.000		146738.809	133680.483	0.089	8.899	
..\test\CPX22_CO\classbp\K5211420\	3607.000		145709.025	131427.007	0.098	9.802	
..\test\CPX22_CO\classbp\K5212300\	3610.000		104955.770	94504.916	0.100	9.957	
..\test\CPX22_CO\classbp\K5212310\	3611.000		104920.910	92319.775	0.120	12.010	
..\test\CPX22_CO\classbp\K5212320\	3607.000		98284.000	90408.763	0.080	8.013	
..\test\CPX22_CO\classbp\K5212400\	3606.000		131428.055	122992.220	0.064	6.419	
..\test\CPX22_CO\classbp\K5212410\	3605.000		125954.911	117625.765	0.066	6.613	
..\test\CPX22_CO\classbp\K5212420\	3607.000		122303.127	114390.050	0.065	6.470	
..\test\CPX22_CO\classbp\K5213300\	3610.000		93932.000	88195.295	0.061	6.107	
..\test\CPX22_CO\classbp\K5213310\	3609.000		94199.000	87588.868	0.070	7.017	
..\test\CPX22_CO\classbp\K5213320\	3610.000		91007.000	84543.282	0.071	7.102	
..\test\CPX22_CO\classbp\K5213400\	3605.000		117779.000	112036.485	0.049	4.876	
..\test\CPX22_CO\classbp\K5213410\	3608.000		115866.000	110516.182	0.046	4.617	
..\test\CPX22_CO\classbp\K5213420\	3607.000		111766.000	107141.359	0.041	4.138	
..\test\CPX22_CO\classbp\K5214300\	3601.000		106147.857	100121.576	0.057	5.677	
..\test\CPX22_CO\classbp\K5214310\	3609.000		105298.226	98599.374	0.064	6.362	
..\test\CPX22_CO\classbp\K5214320\	3610.000		106725.746	98653.107	0.076	7.564	
..\test\CPX22_CO\classbp\K5214400\	3610.000		129226.570	119775.694	0.073	7.313	
..\test\CPX22_CO\classbp\K5214410\	3610.000		128699.162	118181.909	0.082	8.172	
..\test\CPX22_CO\classbp\K5214420\	3606.000		127764.067	116588.567	0.087	8.747	
..\test\CPX22_CO\classbp\K5215300\	3609.000		117358.381	110145.375	0.061	6.146	
..\test\CPX22_CO\classbp\K5215310\	3608.000		105285.703	92698.366	0.120	11.955	
..\test\CPX22_CO\classbp\K5215320\	3608.000		101479.040	90937.865	0.104	10.387	
..\test\CPX22_CO\classbp\K5215400\	3606.000		161832.618	156445.125	0.033	3.329	
..\test\CPX22_CO\classbp\K5215410\	3607.000		133071.960	122741.243	0.078	7.763	
..\test\CPX22_CO\classbp\K5215420\	3605.000		126509.204	119668.468	0.054	5.407	
..\test\CPX22_CO\classbp\K5221300\	3607.000		122647.387	110846.235	0.096	9.622	
..\test\CPX22_CO\classbp\K5221310\	3608.000		109565.237	98913.855	0.097	9.721	
..\test\CPX22_CO\classbp\K5221320\	3607.000		112688.773	99390.436	0.118	11.801	
..\test\CPX22_CO\classbp\K5221400\	3608.000		164285.695	145743.775	0.113	11.286	
..\test\CPX22_CO\classbp\K5221410\	3606.000		137822.425	126478.588	0.082	8.231	
..\test\CPX22_CO\classbp\K5221420\	3607.000		139618.050	125650.830	0.100	10.004	
..\test\CPX22_CO\classbp\K5222300\	3612.000		105753.124	94554.260	0.106	10.590	
..\test\CPX22_CO\classbp\K5222310\	3609.000		100621.702	89702.116	0.109	10.852	
..\test\CPX22_CO\classbp\K5222320\	3609.000		96618.854	87594.248	0.093	9.340	
..\test\CPX22_CO\classbp\K5222400\	3609.000		131983.017	121001.001	0.083	8.321	
..\test\CPX22_CO\classbp\K5222410\	3605.000		124481.115	114102.625	0.083	8.337	
..\test\CPX22_CO\classbp\K5222420\	3609.000		121181.983	111787.536	0.078	7.752	
..\test\CPX22_CO\classbp\K5223300\	3611.000		95156.000	88647.415	0.068	6.840	
..\test\CPX22_CO\classbp\K5223310\	3610.000		91297.500	85669.981	0.062	6.164	
..\test\CPX22_CO\classbp\K5223320\	3609.000		88929.000	83029.446	0.066	6.634	
..\test\CPX22_CO\classbp\K5223400\	3608.000		119074.000	112158.491	0.058	5.808	
..\test\CPX22_CO\classbp\K5223410\	3607.000		113495.000	108151.009	0.047	4.709	
..\test\CPX22_CO\classbp\K5223420\	3609.000		109826.000	104254.426	0.051	5.073	
..\test\CPX22_CO\classbp\K5224300\	3604.000		108293.869	101814.838	0.060	5.983	
..\test\CPX22_CO\classbp\K5224310\	3608.000		102092.691	95098.039	0.069	6.851	
..\test\CPX22_CO\classbp\K5224320\	3605.000		102300.533	94909.846	0.072	7.224	
..\test\CPX22_CO\classbp\K5224400\	3609.000		130965.648	120693.173	0.078	7.844	
..\test\CPX22_CO\classbp\K5224410\	3609.000		125659.680	113442.631	0.097	9.722	
..\test\CPX22_CO\classbp\K5224420\	3607.000		123605.606	112721.595	0.088	8.805	
..\test\CPX22_CO\classbp\K5225300\	3608.000		109677.078	97979.237	0.107	10.666	
..\test\CPX22_CO\classbp\K5225310\	3607.000		101348.748	89798.644	0.114	11.396	
..\test\CPX22_CO\classbp\K5225320\	3608.000		99085.851	88347.803	0.108	10.837	
..\test\CPX22_CO\classbp\K5225400\	3606.000		144958.336	132556.150	0.086	8.556	
..\test\CPX22_CO\classbp\K5225410\	3606.000		125902.677	118045.014	0.062	6.241	
..\test\CPX22_CO\classbp\K5225420\	3604.000		123056.778	115226.427	0.064	6.363	
	
