..\test\CPX22_CO\classap\G5011300\	301		151482.418	141916.560	0.063	6.315	
..\test\CPX22_CO\classap\G5011310\	300		145318.122	128198.476	0.118	11.781	
..\test\CPX22_CO\classap\G5011320\	300		151837.941	141011.940	0.071	7.130	
..\test\CPX22_CO\classap\G5011400\	300		180984.095	171641.835	0.052	5.162	
..\test\CPX22_CO\classap\G5011410\	300		167298.363	153336.899	0.083	8.345	
..\test\CPX22_CO\classap\G5011420\	300		189313.837	172681.604	0.088	8.785	
..\test\CPX22_CO\classap\G5012300\	300		121212.266	109934.233	0.093	9.304	
..\test\CPX22_CO\classap\G5012310\	300		116406.079	106367.788	0.086	8.623	
..\test\CPX22_CO\classap\G5012320\	300		114607.246	105568.063	0.079	7.887	
..\test\CPX22_CO\classap\G5012400\	300		134235.169	127199.152	0.052	5.242	
..\test\CPX22_CO\classap\G5012410\	300		130441.973	123879.055	0.050	5.031	
..\test\CPX22_CO\classap\G5012420\	300		130198.912	121777.264	0.065	6.468	
..\test\CPX22_CO\classap\G5013300\	300		107593.000	98208.892	0.087	8.722	
..\test\CPX22_CO\classap\G5013310\	300		105866.000	97703.449	0.077	7.710	
..\test\CPX22_CO\classap\G5013320\	300		103228.500	96921.585	0.061	6.110	
..\test\CPX22_CO\classap\G5013400\	300		117053.000	109720.005	0.063	6.265	
..\test\CPX22_CO\classap\G5013410\	301		116372.000	108746.153	0.066	6.553	
..\test\CPX22_CO\classap\G5013420\	300		114069.000	107671.395	0.056	5.608	
..\test\CPX22_CO\classap\G5014300\	300		118321.429	109407.581	0.075	7.534	
..\test\CPX22_CO\classap\G5014310\	301		118598.381	110012.263	0.072	7.240	
..\test\CPX22_CO\classap\G5014320\	300		120330.625	113494.201	0.057	5.681	
..\test\CPX22_CO\classap\G5014400\	300		124466.538	117721.458	0.054	5.419	
..\test\CPX22_CO\classap\G5014410\	300		125696.903	119545.577	0.049	4.894	
..\test\CPX22_CO\classap\G5014420\	300		127762.256	122924.597	0.038	3.786	
..\test\CPX22_CO\classap\G5015300\	300		138424.706	130391.549	0.058	5.803	
..\test\CPX22_CO\classap\G5015310\	301		130065.529	115890.661	0.109	10.898	
..\test\CPX22_CO\classap\G5015320\	300		129635.249	120006.728	0.074	7.427	
..\test\CPX22_CO\classap\G5015400\	301		171632.639	165066.557	0.038	3.826	
..\test\CPX22_CO\classap\G5015410\	300		151644.186	141933.051	0.064	6.404	
..\test\CPX22_CO\classap\G5015420\	300		154583.614	147745.206	0.044	4.424	
..\test\CPX22_CO\classap\G5021300\	300		165016.492	156204.315	0.053	5.340	
..\test\CPX22_CO\classap\G5021310\	300		144390.958	129097.791	0.106	10.591	
..\test\CPX22_CO\classap\G5021320\	216		604922.721	604916.680	0.000	0.001	
..\test\CPX22_CO\classap\G5021400\	300		204004.946	203244.160	0.004	0.373	
..\test\CPX22_CO\classap\G5021410\	300		168398.550	153541.165	0.088	8.823	
..\test\CPX22_CO\classap\G5021420\	125		670042.644	670036.305	0.000	0.001	
..\test\CPX22_CO\classap\G5022300\	300		119936.577	110121.663	0.082	8.183	
..\test\CPX22_CO\classap\G5022310\	300		116991.204	107334.046	0.083	8.255	
inst	Pm2	Pm3	Pm4	Pm5	Pm6	Pm7	T	P	R	Setup	Set T	Ub	Lb	Gap	Real T	Obj_inv	Val_inv	Obj_set	Val_set	Obj_Ov	Val_Ov	totDem	inv_avg	inv_dev	set_avg	set_dev	ov_avg	ov_dev	setT_avg	setT_dev
..\test\CPX22_CO\classap\G5022320\	300		118586.854	108192.093	0.088	8.765	
..\test\CPX22_CO\classap\G5022400\	300		133923.206	127746.370	0.046	4.612	
..\test\CPX22_CO\classap\G5022410\	300		131708.085	122577.647	0.069	6.932	
..\test\CPX22_CO\classap\G5022420\	300		132838.633	125073.955	0.058	5.845	
..\test\CPX22_CO\classap\G5023300\	300		108545.000	98557.780	0.092	9.201	
..\test\CPX22_CO\classap\G5023310\	300		107016.500	97233.496	0.091	9.141	
..\test\CPX22_CO\classap\G5023320\	300		106783.500	97540.600	0.087	8.656	
..\test\CPX22_CO\classap\G5023400\	300		118038.000	109971.197	0.068	6.834	
..\test\CPX22_CO\classap\G5023410\	300		115700.000	108519.854	0.062	6.206	
..\test\CPX22_CO\classap\G5023420\	300		116050.750	109505.354	0.056	5.640	
..\test\CPX22_CO\classap\G5024300\	300		119991.864	113016.027	0.058	5.814	
..\test\CPX22_CO\classap\G5024310\	300		118632.787	109979.728	0.073	7.294	
..\test\CPX22_CO\classap\G5024320\	300		326769.728	320612.480	0.019	1.884	
..\test\CPX22_CO\classap\G5024400\	300		125172.402	119521.134	0.045	4.515	
..\test\CPX22_CO\classap\G5024410\	301		126398.382	119176.623	0.057	5.713	
..\test\CPX22_CO\classap\G5024420\	300		335020.973	329519.557	0.016	1.642	
..\test\CPX22_CO\classap\G5025300\	300		151203.429	143589.400	0.050	5.036	
..\test\CPX22_CO\classap\G5025310\	300		127547.056	116242.469	0.089	8.863	
..\test\CPX22_CO\classap\G5025320\	300		373471.136	367671.461	0.016	1.553	
..\test\CPX22_CO\classap\G5025400\	300		189582.674	185450.902	0.022	2.179	
..\test\CPX22_CO\classap\G5025410\	300		152584.677	142808.180	0.064	6.407	
..\test\CPX22_CO\classap\G5025420\	300		412063.422	406573.708	0.013	1.332	
..\test\CPX22_CO\classap\K5011300\	300		202289.270	192319.898	0.049	4.928	
..\test\CPX22_CO\classap\K5011310\	300		124150.218	108083.523	0.129	12.941	
..\test\CPX22_CO\classap\K5011320\	300		121756.082	109175.312	0.103	10.333	
..\test\CPX22_CO\classap\K5011400\	301		261665.233	248503.291	0.050	5.030	
..\test\CPX22_CO\classap\K5011410\	300		172466.471	143166.483	0.170	16.989	
..\test\CPX22_CO\classap\K5011420\	300		158906.311	139882.119	0.120	11.972	
..\test\CPX22_CO\classap\K5012300\	300		106636.677	95119.117	0.108	10.801	
..\test\CPX22_CO\classap\K5012310\	300		106688.504	93478.931	0.124	12.381	
..\test\CPX22_CO\classap\K5012320\	300		103538.416	90680.695	0.124	12.418	
..\test\CPX22_CO\classap\K5012400\	300		135977.274	124200.675	0.087	8.661	
..\test\CPX22_CO\classap\K5012410\	300		131140.939	119813.194	0.086	8.638	
..\test\CPX22_CO\classap\K5012420\	301		125468.774	115761.466	0.077	7.737	
..\test\CPX22_CO\classap\K5013300\	300		93898.000	87313.773	0.070	7.012	
..\test\CPX22_CO\classap\K5013310\	300		96173.000	87332.466	0.092	9.192	
..\test\CPX22_CO\classap\K5013320\	300		94038.000	84709.481	0.099	9.920	
..\test\CPX22_CO\classap\K5013400\	300		119589.000	110935.107	0.072	7.236	
..\test\CPX22_CO\classap\K5013410\	300		118088.500	110432.007	0.065	6.484	
..\test\CPX22_CO\classap\K5013420\	300		113436.000	107409.626	0.053	5.313	
..\test\CPX22_CO\classap\K5014300\	300		121507.125	113428.919	0.066	6.648	
..\test\CPX22_CO\classap\K5014310\	300		109378.502	100860.550	0.078	7.788	
..\test\CPX22_CO\classap\K5014320\	300		110383.512	99187.195	0.101	10.143	
..\test\CPX22_CO\classap\K5014400\	300		143725.298	134225.086	0.066	6.610	
..\test\CPX22_CO\classap\K5014410\	301		129782.922	118194.932	0.089	8.929	
..\test\CPX22_CO\classap\K5014420\	300		131897.936	117246.054	0.111	11.108	
..\test\CPX22_CO\classap\K5015300\	300		149376.346	140533.568	0.059	5.920	
..\test\CPX22_CO\classap\K5015310\	300		111988.441	97182.773	0.132	13.221	
..\test\CPX22_CO\classap\K5015320\	301		107018.766	96083.722	0.102	10.218	
..\test\CPX22_CO\classap\K5015400\	300		201039.540	188763.006	0.061	6.106	
..\test\CPX22_CO\classap\K5015410\	300		150172.772	130241.317	0.133	13.272	
..\test\CPX22_CO\classap\K5015420\	300		143547.557	126265.433	0.120	12.039	
..\test\CPX22_CO\classap\K5021300\	300		128573.776	117910.242	0.083	8.294	
..\test\CPX22_CO\classap\K5021310\	300		117584.152	100921.967	0.142	14.170	
..\test\CPX22_CO\classap\K5021320\	300		117408.592	102989.609	0.123	12.281	
..\test\CPX22_CO\classap\K5021400\	300		185798.712	160023.140	0.139	13.873	
..\test\CPX22_CO\classap\K5021410\	300		147324.806	131361.140	0.108	10.836	
..\test\CPX22_CO\classap\K5021420\	300		146197.736	132229.403	0.096	9.554	
..\test\CPX22_CO\classap\K5022300\	300		106561.142	94484.793	0.113	11.333	
..\test\CPX22_CO\classap\K5022310\	300		103092.996	90577.935	0.121	12.139	
..\test\CPX22_CO\classap\K5022320\	300		98003.287	87769.099	0.104	10.443	
..\test\CPX22_CO\classap\K5022400\	300		133821.279	122567.830	0.084	8.409	
..\test\CPX22_CO\classap\K5022410\	301		125541.844	116315.910	0.073	7.349	
..\test\CPX22_CO\classap\K5022420\	300		122838.717	113428.315	0.077	7.661	
..\test\CPX22_CO\classap\K5023300\	300		96401.000	88354.106	0.083	8.347	
..\test\CPX22_CO\classap\K5023310\	301		93186.000	85202.320	0.086	8.567	
..\test\CPX22_CO\classap\K5023320\	300		90080.500	82491.305	0.084	8.425	
..\test\CPX22_CO\classap\K5023400\	300		120916.500	111621.222	0.077	7.687	
..\test\CPX22_CO\classap\K5023410\	301		115997.000	107624.496	0.072	7.218	
..\test\CPX22_CO\classap\K5023420\	300		111309.000	104299.758	0.063	6.297	
..\test\CPX22_CO\classap\K5024300\	300		109795.991	103182.280	0.060	6.024	
..\test\CPX22_CO\classap\K5024310\	300		107375.731	94851.557	0.117	11.664	
..\test\CPX22_CO\classap\K5024320\	301		105383.963	95670.776	0.092	9.217	
..\test\CPX22_CO\classap\K5024400\	300		134426.697	121923.834	0.093	9.301	
..\test\CPX22_CO\classap\K5024410\	300		129878.106	115493.718	0.111	11.075	
..\test\CPX22_CO\classap\K5024420\	300		127607.075	114814.193	0.100	10.025	
..\test\CPX22_CO\classap\K5025300\	300		116247.956	105767.570	0.090	9.015	
..\test\CPX22_CO\classap\K5025310\	301		106549.324	91747.975	0.139	13.891	
..\test\CPX22_CO\classap\K5025320\	300		103846.945	91425.818	0.120	11.961	
..\test\CPX22_CO\classap\K5025400\	300		164522.305	145397.775	0.116	11.624	
..\test\CPX22_CO\classap\K5025410\	301		134611.840	121426.776	0.098	9.795	
..\test\CPX22_CO\classap\K5025420\	300		129376.654	120650.935	0.067	6.744	
..\test\CPX22_CO\classap\G5011300\	3610.000		151482.418	143537.878	0.052	5.244	
..\test\CPX22_CO\classap\G5011310\	3608.000		145318.122	129941.791	0.106	10.581	
..\test\CPX22_CO\classap\G5011320\	3606.000		151833.996	143652.860	0.054	5.388	
..\test\CPX22_CO\classap\G5011400\	3604.000		180078.561	176027.894	0.022	2.249	
..\test\CPX22_CO\classap\G5011410\	3605.000		167298.363	157605.444	0.058	5.794	
..\test\CPX22_CO\classap\G5011420\	3604.000		189313.837	178044.360	0.060	5.953	
..\test\CPX22_CO\classap\G5012300\	3608.000		120462.794	110955.607	0.079	7.892	
..\test\CPX22_CO\classap\G5012310\	3608.000		116120.066	107138.863	0.077	7.734	
..\test\CPX22_CO\classap\G5012320\	3607.000		114677.170	106551.448	0.071	7.086	
..\test\CPX22_CO\classap\G5012400\	3604.000		134318.958	129466.799	0.036	3.612	
..\test\CPX22_CO\classap\G5012410\	3604.000		130417.285	125995.906	0.034	3.390	
..\test\CPX22_CO\classap\G5012420\	3605.000		130198.912	123950.356	0.048	4.799	
..\test\CPX22_CO\classap\G5013300\	3607.000		107851.000	99313.766	0.079	7.916	
..\test\CPX22_CO\classap\G5013310\	3605.000		105121.500	98974.567	0.058	5.847	
..\test\CPX22_CO\classap\G5013320\	3605.000		103228.500	98489.200	0.046	4.591	
..\test\CPX22_CO\classap\G5013400\	3603.000		116568.000	113296.321	0.028	2.807	
..\test\CPX22_CO\classap\G5013410\	3605.000		116372.000	111112.344	0.045	4.520	
..\test\CPX22_CO\classap\G5013420\	3605.000		113597.250	109964.079	0.032	3.198	
..\test\CPX22_CO\classap\G5014300\	3608.000		118321.429	110428.701	0.067	6.671	
..\test\CPX22_CO\classap\G5014310\	3604.000		118598.381	111328.690	0.061	6.130	
..\test\CPX22_CO\classap\G5014320\	3607.000		119939.907	114892.704	0.042	4.208	
..\test\CPX22_CO\classap\G5014400\	3606.000		124257.542	119950.792	0.035	3.466	
..\test\CPX22_CO\classap\G5014410\	3605.000		124633.542	121796.704	0.023	2.276	
..\test\CPX22_CO\classap\G5014420\	3604.000		127762.256	125564.883	0.017	1.720	
..\test\CPX22_CO\classap\G5015300\	3608.000		138751.874	131602.342	0.052	5.153	
..\test\CPX22_CO\classap\G5015310\	3608.000		129853.528	117025.704	0.099	9.879	
..\test\CPX22_CO\classap\G5015320\	3603.000		128826.622	121231.695	0.059	5.895	
..\test\CPX22_CO\classap\G5015400\	3604.000		171596.782	167958.793	0.021	2.120	
..\test\CPX22_CO\classap\G5015410\	3604.000		150594.251	145666.173	0.033	3.272	
..\test\CPX22_CO\classap\G5015420\	3600.000		154583.614	150109.175	0.029	2.894	
..\test\CPX22_CO\classap\G5021300\	3610.000		165016.492	157775.842	0.044	4.388	
..\test\CPX22_CO\classap\G5021310\	3609.000		144323.548	130757.198	0.094	9.400	
..\test\CPX22_CO\classap\G5021320\	209.000		604922.721	604916.680	0.000	0.001	
..\test\CPX22_CO\classap\G5021400\	413.000		204004.946	204002.911	0.000	0.001	
..\test\CPX22_CO\classap\G5021410\	3603.000		168398.550	158949.144	0.056	5.611	
..\test\CPX22_CO\classap\G5021420\	122.000		670042.644	670036.305	0.000	0.001	
..\test\CPX22_CO\classap\G5022300\	3607.000		119936.577	111187.749	0.073	7.294	
..\test\CPX22_CO\classap\G5022310\	3606.000		117095.713	108350.649	0.075	7.468	
..\test\CPX22_CO\classap\G5022320\	3610.000		117720.842	109561.658	0.069	6.931	
..\test\CPX22_CO\classap\G5022400\	3605.000		133861.414	130370.092	0.026	2.608	
..\test\CPX22_CO\classap\G5022410\	3605.000		131708.085	126119.966	0.042	4.243	
..\test\CPX22_CO\classap\G5022420\	3605.000		132115.698	127756.300	0.033	3.300	
..\test\CPX22_CO\classap\G5023300\	3606.000		108338.500	99917.858	0.078	7.772	
..\test\CPX22_CO\classap\G5023310\	3605.000		105195.000	98287.464	0.066	6.566	
..\test\CPX22_CO\classap\G5023320\	3607.000		105017.500	98896.132	0.058	5.829	
..\test\CPX22_CO\classap\G5023400\	3605.000		116926.500	112969.471	0.034	3.384	
..\test\CPX22_CO\classap\G5023410\	3604.000		115700.000	111584.443	0.036	3.557	
..\test\CPX22_CO\classap\G5023420\	3603.000		115851.000	112441.505	0.029	2.943	
..\test\CPX22_CO\classap\G5024300\	3608.000		119818.864	114392.706	0.045	4.529	
..\test\CPX22_CO\classap\G5024310\	3605.000		118870.945	111012.981	0.066	6.610	
..\test\CPX22_CO\classap\G5024320\	3606.000		326450.454	321951.864	0.014	1.378	
..\test\CPX22_CO\classap\G5024400\	3605.000		125172.402	122030.216	0.025	2.510	
..\test\CPX22_CO\classap\G5024410\	3604.000		125650.959	121682.342	0.032	3.158	
..\test\CPX22_CO\classap\G5024420\	3604.000		333883.128	332087.864	0.005	0.538	
..\test\CPX22_CO\classap\G5025300\	3601.000		151745.560	145243.314	0.043	4.285	
..\test\CPX22_CO\classap\G5025310\	3606.000		127180.703	117565.255	0.076	7.560	
..\test\CPX22_CO\classap\G5025320\	3610.000		373409.580	368805.797	0.012	1.233	
..\test\CPX22_CO\classap\G5025400\	3306.000		189582.674	189580.779	0.000	0.001	
..\test\CPX22_CO\classap\G5025410\	3604.000		152147.715	146631.408	0.036	3.626	
..\test\CPX22_CO\classap\G5025420\	3607.000		411998.932	408671.747	0.008	0.808	
..\test\CPX22_CO\classap\K5011300\	3608.000		201912.564	193508.872	0.042	4.162	
..\test\CPX22_CO\classap\K5011310\	3606.000		122894.436	109702.430	0.107	10.734	
..\test\CPX22_CO\classap\K5011320\	3606.000		121756.082	110802.087	0.090	8.997	
..\test\CPX22_CO\classap\K5011400\	3607.000		261665.233	250543.844	0.043	4.250	
..\test\CPX22_CO\classap\K5011410\	3605.000		172466.471	144793.885	0.160	16.045	
..\test\CPX22_CO\classap\K5011420\	3606.000		159492.544	142058.161	0.109	10.931	
..\test\CPX22_CO\classap\K5012300\	3603.000		106448.644	96018.767	0.098	9.798	
..\test\CPX22_CO\classap\K5012310\	3609.000		107178.290	94499.964	0.118	11.829	
..\test\CPX22_CO\classap\K5012320\	3606.000		103018.052	91641.077	0.110	11.044	
..\test\CPX22_CO\classap\K5012400\	3605.000		135715.271	125730.688	0.074	7.357	
..\test\CPX22_CO\classap\K5012410\	3605.000		131140.939	121429.173	0.074	7.406	
..\test\CPX22_CO\classap\K5012420\	3605.000		125388.202	117412.233	0.064	6.361	
..\test\CPX22_CO\classap\K5013300\	3606.000		93802.000	88327.535	0.058	5.836	
..\test\CPX22_CO\classap\K5013310\	3606.000		95924.000	88189.286	0.081	8.063	
..\test\CPX22_CO\classap\K5013320\	3608.000		93709.000	85462.969	0.088	8.800	
..\test\CPX22_CO\classap\K5013400\	3606.000		118303.000	112485.378	0.049	4.918	
..\test\CPX22_CO\classap\K5013410\	3605.000		117547.000	111294.943	0.053	5.319	
..\test\CPX22_CO\classap\K5013420\	3605.000		113436.000	108325.783	0.045	4.505	
..\test\CPX22_CO\classap\K5014300\	3608.000		121384.115	114074.608	0.060	6.022	
..\test\CPX22_CO\classap\K5014310\	3609.000		109159.502	102094.328	0.065	6.472	
..\test\CPX22_CO\classap\K5014320\	3606.000		110383.512	100522.852	0.089	8.933	
..\test\CPX22_CO\classap\K5014400\	3608.000		143788.155	135507.695	0.058	5.759	
..\test\CPX22_CO\classap\K5014410\	3604.000		129782.922	119932.159	0.076	7.590	
..\test\CPX22_CO\classap\K5014420\	3610.000		131244.712	118635.806	0.096	9.607	
..\test\CPX22_CO\classap\K5015300\	3606.000		149830.073	141949.724	0.053	5.259	
..\test\CPX22_CO\classap\K5015310\	3605.000		110109.489	98216.492	0.108	10.801	
..\test\CPX22_CO\classap\K5015320\	3604.000		106402.640	97024.506	0.088	8.814	
..\test\CPX22_CO\classap\K5015400\	3605.000		200762.623	190975.191	0.049	4.875	
..\test\CPX22_CO\classap\K5015410\	3606.000		149777.047	131868.491	0.120	11.957	
..\test\CPX22_CO\classap\K5015420\	3608.000		137439.594	127962.386	0.069	6.895	
..\test\CPX22_CO\classap\K5021300\	3608.000		127866.040	119368.380	0.066	6.646	
..\test\CPX22_CO\classap\K5021310\	3604.000		117195.788	102502.799	0.125	12.537	
..\test\CPX22_CO\classap\K5021320\	3608.000		113954.212	104956.598	0.079	7.896	
..\test\CPX22_CO\classap\K5021400\	3605.000		182136.701	161983.476	0.111	11.065	
..\test\CPX22_CO\classap\K5021410\	3606.000		148463.032	133083.939	0.104	10.359	
..\test\CPX22_CO\classap\K5021420\	3604.000		146197.736	133640.762	0.086	8.589	
..\test\CPX22_CO\classap\K5022300\	3608.000		105508.433	95541.996	0.094	9.446	
..\test\CPX22_CO\classap\K5022310\	3606.000		103092.996	91591.391	0.112	11.156	
..\test\CPX22_CO\classap\K5022320\	3609.000		97793.717	89421.736	0.086	8.561	
..\test\CPX22_CO\classap\K5022400\	3605.000		133121.042	124305.054	0.066	6.622	
..\test\CPX22_CO\classap\K5022410\	3605.000		125541.844	117721.394	0.062	6.229	
..\test\CPX22_CO\classap\K5022420\	3606.000		122754.392	114500.516	0.067	6.724	
..\test\CPX22_CO\classap\K5023300\	3607.000		96401.000	89253.775	0.074	7.414	
..\test\CPX22_CO\classap\K5023310\	3606.000		93186.000	85979.739	0.077	7.733	
..\test\CPX22_CO\classap\K5023320\	3607.000		90080.500	83427.183	0.074	7.386	
..\test\CPX22_CO\classap\K5023400\	3604.000		120449.000	112981.011	0.062	6.200	
..\test\CPX22_CO\classap\K5023410\	3604.000		115115.000	108960.908	0.053	5.346	
..\test\CPX22_CO\classap\K5023420\	3605.000		111038.000	105323.536	0.051	5.146	
..\test\CPX22_CO\classap\K5024300\	3607.000		109795.991	104158.716	0.051	5.134	
..\test\CPX22_CO\classap\K5024310\	3608.000		107375.731	96054.626	0.105	10.543	
..\test\CPX22_CO\classap\K5024320\	3604.000		105382.686	96801.989	0.081	8.142	
..\test\CPX22_CO\classap\K5024400\	3607.000		133345.857	123483.032	0.074	7.396	
..\test\CPX22_CO\classap\K5024410\	3607.000		129878.106	116513.647	0.103	10.290	
..\test\CPX22_CO\classap\K5024420\	3607.000		126676.876	116694.505	0.079	7.880	
..\test\CPX22_CO\classap\K5025300\	3608.000		116247.956	107140.110	0.078	7.835	
..\test\CPX22_CO\classap\K5025310\	3607.000		106478.182	92821.374	0.128	12.826	
..\test\CPX22_CO\classap\K5025320\	3608.000		103797.057	92430.663	0.110	10.950	
..\test\CPX22_CO\classap\K5025400\	3606.000		164339.606	147538.401	0.102	10.223	
..\test\CPX22_CO\classap\K5025410\	3607.000		133915.226	122784.002	0.083	8.312	
..\test\CPX22_CO\classap\K5025420\	3607.000		128418.233	121798.868	0.052	5.154	
