..\test\CPX22_CO\classcp\G5011200\	301		3504429.685	1859270.743	0.469	46.945	
..\test\CPX22_CO\classcp\G5011210\	301		3581477.784	1847803.415	0.484	48.407	
..\test\CPX22_CO\classcp\G5011220\	301		4026261.583	2186996.130	0.457	45.682	
..\test\CPX22_CO\classcp\G5011300\	301		1814425.916	1038276.883	0.428	42.777	
..\test\CPX22_CO\classcp\G5011310\	301		1865402.531	1036897.037	0.444	44.414	
..\test\CPX22_CO\classcp\G5011320\	300		2043724.751	1236409.737	0.395	39.502	
..\test\CPX22_CO\classcp\G5011400\	301		2202649.819	1242432.548	0.436	43.594	
..\test\CPX22_CO\classcp\G5011410\	301		2246777.886	1221621.011	0.456	45.628	
..\test\CPX22_CO\classcp\G5011420\	301		2710214.460	1525688.865	0.437	43.706	
..\test\CPX22_CO\classcp\G5012200\	302		2864285.710	1474121.507	0.485	48.534	
..\test\CPX22_CO\classcp\G5012210\	301		2784256.538	1434819.086	0.485	48.467	
..\test\CPX22_CO\classcp\G5012220\	301		2733150.653	1425421.938	0.478	47.847	
..\test\CPX22_CO\classcp\G5012300\	301		1621729.317	900593.058	0.445	44.467	
..\test\CPX22_CO\classcp\G5012310\	301		1560355.048	866735.139	0.445	44.453	
..\test\CPX22_CO\classcp\G5012320\	300		1534684.337	862995.100	0.438	43.767	
..\test\CPX22_CO\classcp\G5012400\	301		1833240.015	1019343.562	0.444	44.397	
..\test\CPX22_CO\classcp\G5012410\	300		1750053.030	985649.491	0.437	43.679	
..\test\CPX22_CO\classcp\G5012420\	301		1859919.627	984602.333	0.471	47.062	
..\test\CPX22_CO\classcp\G5013200\	301		2424258.000	1232250.860	0.492	49.170	
..\test\CPX22_CO\classcp\G5013210\	300		2366174.000	1221448.063	0.484	48.379	
..\test\CPX22_CO\classcp\G5013220\	301		2344816.000	1220497.177	0.479	47.949	
..\test\CPX22_CO\classcp\G5013300\	302		1460347.750	834134.258	0.429	42.881	
..\test\CPX22_CO\classcp\G5013310\	301		1448066.000	799409.304	0.448	44.795	
..\test\CPX22_CO\classcp\G5013320\	301		1472235.000	791005.189	0.463	46.272	
..\test\CPX22_CO\classcp\G5013400\	301		1780512.500	913682.679	0.487	48.684	
..\test\CPX22_CO\classcp\G5013410\	302		1647521.500	910217.131	0.448	44.752	
..\test\CPX22_CO\classcp\G5013420\	301		1667723.500	891425.822	0.465	46.548	
..\test\CPX22_CO\classcp\G5014200\	301		2606488.464	1494834.696	0.426	42.649	
..\test\CPX22_CO\classcp\G5014210\	301		2670755.441	1448662.693	0.458	45.758	
..\test\CPX22_CO\classcp\G5014220\	301		2682462.241	1522759.955	0.432	43.233	
..\test\CPX22_CO\classcp\G5014300\	302		1533713.175	957302.874	0.376	37.583	
..\test\CPX22_CO\classcp\G5014310\	301		1627115.639	938252.647	0.423	42.336	
..\test\CPX22_CO\classcp\G5014320\	301		1636747.319	1001732.186	0.388	38.797	
..\test\CPX22_CO\classcp\G5014400\	300		1778319.397	983618.611	0.447	44.688	
..\test\CPX22_CO\classcp\G5014410\	300		1829756.569	990098.870	0.459	45.889	
..\test\CPX22_CO\classcp\G5014420\	301		1813194.319	1037079.091	0.428	42.804	
..\test\CPX22_CO\classcp\G5015200\	300		3222767.894	1626987.384	0.495	49.516	
..\test\CPX22_CO\classcp\G5015210\	301		3107805.457	1574574.350	0.493	49.335	
..\test\CPX22_CO\classcp\G5015220\	301		3248586.487	1830871.839	0.436	43.641	
..\test\CPX22_CO\classcp\G5015300\	301		1674694.880	939229.038	0.439	43.916	
..\test\CPX22_CO\classcp\G5015310\	301		1621085.270	907249.625	0.440	44.034	
..\test\CPX22_CO\classcp\G5015320\	301		1778935.098	1071914.336	0.397	39.744	
..\test\CPX22_CO\classcp\G5015400\	300		2157390.902	1177319.224	0.454	45.429	
..\test\CPX22_CO\classcp\G5015410\	301		2114274.260	1137672.949	0.462	46.191	
..\test\CPX22_CO\classcp\G5015420\	301		2164061.760	1318697.242	0.391	39.064	
..\test\CPX22_CO\classcp\G5021200\	301		3745086.532	2176672.658	0.419	41.879	
..\test\CPX22_CO\classcp\G5021210\	301		8006644.650	6226166.632	0.222	22.238	
..\test\CPX22_CO\classcp\G5021220\	301		41276853.225	39280819.064	0.048	4.836	
..\test\CPX22_CO\classcp\G5021300\	301		1903939.280	1228225.591	0.355	35.490	
..\test\CPX22_CO\classcp\G5021310\	300		6043260.447	5245406.470	0.132	13.202	
..\test\CPX22_CO\classcp\G5021320\	300		39384427.893	38401674.898	0.025	2.495	
..\test\CPX22_CO\classcp\G5021400\	301		2343805.641	1435516.738	0.388	38.753	
..\test\CPX22_CO\classcp\G5021410\	301		6673321.310	5619612.196	0.158	15.790	
..\test\CPX22_CO\classcp\G5021420\	300		39699424.522	38672688.380	0.026	2.586	
..\test\CPX22_CO\classcp\G5022200\	301		2775347.810	1513099.691	0.455	45.481	
..\test\CPX22_CO\classcp\G5022210\	301		2732227.371	1453486.768	0.468	46.802	
..\test\CPX22_CO\classcp\G5022220\	301		2716538.292	1447228.653	0.467	46.725	
..\test\CPX22_CO\classcp\G5022300\	300		1565103.650	932043.450	0.404	40.448	
..\test\CPX22_CO\classcp\G5022310\	300		1635870.695	895833.886	0.452	45.238	
..\test\CPX22_CO\classcp\G5022320\	301		1578108.404	900105.903	0.430	42.963	
..\test\CPX22_CO\classcp\G5022400\	300		1912896.337	1038043.223	0.457	45.734	
..\test\CPX22_CO\classcp\G5022410\	300		1848155.986	1001062.430	0.458	45.835	
..\test\CPX22_CO\classcp\G5022420\	301		1861683.747	1004689.553	0.460	46.033	
..\test\CPX22_CO\classcp\G5023200\	300		2589721.667	1240535.452	0.521	52.098	
..\test\CPX22_CO\classcp\G5023210\	300		2398689.500	1237452.890	0.484	48.411	
..\test\CPX22_CO\classcp\G5023220\	301		2348199.167	1234639.302	0.474	47.422	
..\test\CPX22_CO\classcp\G5023300\	302		1461474.000	853828.797	0.416	41.578	
..\test\CPX22_CO\classcp\G5023310\	301		1488645.000	808826.951	0.457	45.667	
..\test\CPX22_CO\classcp\G5023320\	301		1406547.833	807804.762	0.426	42.568	
..\test\CPX22_CO\classcp\G5023400\	301		1770823.500	935649.634	0.472	47.163	
..\test\CPX22_CO\classcp\G5023410\	300		1676271.000	898436.517	0.464	46.403	
..\test\CPX22_CO\classcp\G5023420\	301		1731174.250	897213.797	0.482	48.173	
..\test\CPX22_CO\classcp\G5024200\	301		2756149.983	1521630.248	0.448	44.791	
..\test\CPX22_CO\classcp\G5024210\	301		2678649.685	1500379.315	0.440	43.987	
..\test\CPX22_CO\classcp\G5024220\	301		5615533.883	4313794.228	0.232	23.181	
..\test\CPX22_CO\classcp\G5024300\	302		1629512.029	958783.826	0.412	41.161	
..\test\CPX22_CO\classcp\G5024310\	301		1613387.079	962588.563	0.403	40.337	
..\test\CPX22_CO\classcp\G5024320\	300		4484907.114	3803826.290	0.152	15.186	
..\test\CPX22_CO\classcp\G5024400\	301		1880976.989	1001674.950	0.467	46.747	
..\test\CPX22_CO\classcp\G5024410\	300		1781224.633	1008058.851	0.434	43.406	
..\test\CPX22_CO\classcp\G5024420\	301		4693022.018	3890253.219	0.171	17.106	
..\test\CPX22_CO\classcp\G5025200\	301		3614110.472	2057843.184	0.431	43.061	
..\test\CPX22_CO\classcp\G5025210\	301		6667568.340	5099834.141	0.235	23.513	
..\test\CPX22_CO\classcp\G5025220\	301		22096603.038	20684579.088	0.064	6.390	
..\test\CPX22_CO\classcp\G5025300\	301		1831885.110	1135281.556	0.380	38.027	
..\test\CPX22_CO\classcp\G5025310\	300		5115773.771	4298411.879	0.160	15.977	
..\test\CPX22_CO\classcp\G5025320\	301		20775489.070	19957586.980	0.039	3.937	
..\test\CPX22_CO\classcp\G5025400\	301		2379773.210	1403245.774	0.410	41.034	
..\test\CPX22_CO\classcp\G5025410\	301		5587370.910	4588798.955	0.179	17.872	
..\test\CPX22_CO\classcp\G5025420\	301		21082100.258	20208896.731	0.041	4.142	
..\test\CPX22_CO\classcp\K5011200\	301		470632.736	270686.341	0.425	42.485	
..\test\CPX22_CO\classcp\K5011210\	301		474124.088	260990.691	0.450	44.953	
..\test\CPX22_CO\classcp\K5011220\	300		519983.941	311773.040	0.400	40.042	
..\test\CPX22_CO\classcp\K5011300\	300		249196.559	152687.658	0.387	38.728	
..\test\CPX22_CO\classcp\K5011310\	300		241224.491	148945.929	0.383	38.254	
..\test\CPX22_CO\classcp\K5011320\	300		269684.671	180557.531	0.330	33.049	
..\test\CPX22_CO\classcp\K5011400\	300		279667.044	166425.934	0.405	40.491	
..\test\CPX22_CO\classcp\K5011410\	301		281787.374	158886.611	0.436	43.615	
..\test\CPX22_CO\classcp\K5011420\	300		321814.007	199792.810	0.379	37.917	
..\test\CPX22_CO\classcp\K5012200\	301		379609.033	217541.033	0.427	42.693	
..\test\CPX22_CO\classcp\K5012210\	301		368448.239	211210.675	0.427	42.676	
..\test\CPX22_CO\classcp\K5012220\	301		365779.436	208985.269	0.429	42.866	
..\test\CPX22_CO\classcp\K5012300\	300		213046.224	132055.467	0.380	38.015	
..\test\CPX22_CO\classcp\K5012310\	301		209321.773	127777.300	0.390	38.956	
..\test\CPX22_CO\classcp\K5012320\	300		214963.893	128382.096	0.403	40.277	
..\test\CPX22_CO\classcp\K5012400\	300		251685.266	143062.749	0.432	43.158	
..\test\CPX22_CO\classcp\K5012410\	300		238659.700	139099.609	0.417	41.716	
..\test\CPX22_CO\classcp\K5012420\	300		242489.124	136340.274	0.438	43.775	
..\test\CPX22_CO\classcp\K5013200\	301		331642.167	190221.728	0.426	42.642	
..\test\CPX22_CO\classcp\K5013210\	301		323888.367	188347.674	0.418	41.848	
..\test\CPX22_CO\classcp\K5013220\	301		315708.500	186744.486	0.408	40.849	
..\test\CPX22_CO\classcp\K5013300\	302		201029.000	131206.782	0.347	34.732	
..\test\CPX22_CO\classcp\K5013310\	300		192517.500	119132.649	0.381	38.118	
..\test\CPX22_CO\classcp\K5013320\	301		192536.000	122852.850	0.362	36.192	
..\test\CPX22_CO\classcp\K5013400\	300		233709.000	142367.911	0.391	39.083	
..\test\CPX22_CO\classcp\K5013410\	301		226032.000	139132.480	0.384	38.446	
..\test\CPX22_CO\classcp\K5013420\	301		224539.000	130083.445	0.421	42.066	
..\test\CPX22_CO\classcp\K5014200\	301		387353.446	215956.982	0.442	44.248	
..\test\CPX22_CO\classcp\K5014210\	301		370041.039	213185.248	0.424	42.389	
..\test\CPX22_CO\classcp\K5014220\	300		373118.144	222037.639	0.405	40.491	
..\test\CPX22_CO\classcp\K5014300\	301		215139.118	139128.086	0.353	35.331	
..\test\CPX22_CO\classcp\K5014310\	300		212418.711	132050.246	0.378	37.835	
..\test\CPX22_CO\classcp\K5014320\	301		231206.488	147260.508	0.363	36.308	
..\test\CPX22_CO\classcp\K5014400\	300		239405.088	135420.490	0.434	43.434	
..\test\CPX22_CO\classcp\K5014410\	301		233772.674	138340.637	0.408	40.822	
..\test\CPX22_CO\classcp\K5014420\	300		244343.236	146290.753	0.401	40.129	
..\test\CPX22_CO\classcp\K5015200\	300		430821.928	246813.391	0.427	42.711	
..\test\CPX22_CO\classcp\K5015210\	301		392108.497	232598.173	0.407	40.680	
..\test\CPX22_CO\classcp\K5015220\	300		420385.474	251691.958	0.401	40.128	
..\test\CPX22_CO\classcp\K5015300\	301		225193.663	153660.365	0.318	31.765	
..\test\CPX22_CO\classcp\K5015310\	300		218665.376	137188.241	0.373	37.261	
..\test\CPX22_CO\classcp\K5015320\	302		229981.848	155077.936	0.326	32.569	
..\test\CPX22_CO\classcp\K5015400\	302		261535.448	170203.340	0.349	34.921	
..\test\CPX22_CO\classcp\K5015410\	300		244467.481	145813.564	0.404	40.354	
..\test\CPX22_CO\classcp\K5015420\	302		265596.384	170655.306	0.357	35.746	
..\test\CPX22_CO\classcp\K5021200\	301		1208445.893	1014272.430	0.161	16.068	
..\test\CPX22_CO\classcp\K5021210\	301		726550.917	530837.277	0.269	26.937	
..\test\CPX22_CO\classcp\K5021220\	301		2597165.517	2395811.123	0.078	7.753	
..\test\CPX22_CO\classcp\K5021300\	301		958147.221	866555.627	0.096	9.559	
..\test\CPX22_CO\classcp\K5021310\	301		473546.602	383795.030	0.190	18.953	
..\test\CPX22_CO\classcp\K5021320\	300		2373700.216	2261413.067	0.047	4.730	
..\test\CPX22_CO\classcp\K5021400\	300		1002705.187	886037.859	0.116	11.635	
..\test\CPX22_CO\classcp\K5021410\	301		507643.393	405344.425	0.202	20.152	
..\test\CPX22_CO\classcp\K5021420\	301		2414930.282	2280862.637	0.056	5.552	
..\test\CPX22_CO\classcp\K5022200\	302		390872.992	224509.039	0.426	42.562	
..\test\CPX22_CO\classcp\K5022210\	300		376891.533	209236.289	0.445	44.484	
..\test\CPX22_CO\classcp\K5022220\	302		367316.882	207371.934	0.435	43.544	
..\test\CPX22_CO\classcp\K5022300\	300		218802.555	133697.382	0.389	38.896	
..\test\CPX22_CO\classcp\K5022310\	301		219211.928	132097.318	0.397	39.740	
..\test\CPX22_CO\classcp\K5022320\	300		214589.335	127235.297	0.407	40.707	
..\test\CPX22_CO\classcp\K5022400\	301		246047.244	152819.720	0.379	37.890	
..\test\CPX22_CO\classcp\K5022410\	301		234739.794	136140.502	0.420	42.003	
..\test\CPX22_CO\classcp\K5022420\	300		246209.444	138448.427	0.438	43.768	
..\test\CPX22_CO\classcp\K5023200\	302		327451.500	194263.071	0.407	40.674	
..\test\CPX22_CO\classcp\K5023210\	301		317732.000	185753.808	0.415	41.537	
..\test\CPX22_CO\classcp\K5023220\	301		311729.500	184438.169	0.408	40.834	
..\test\CPX22_CO\classcp\K5023300\	301		201157.500	124075.482	0.383	38.319	
..\test\CPX22_CO\classcp\K5023310\	300		193910.333	118225.761	0.390	39.031	
..\test\CPX22_CO\classcp\K5023320\	303		190048.000	127675.679	0.328	32.819	
..\test\CPX22_CO\classcp\K5023400\	302		219705.667	142482.543	0.351	35.148	
..\test\CPX22_CO\classcp\K5023410\	302		222585.333	136606.133	0.386	38.627	
..\test\CPX22_CO\classcp\K5023420\	302		216787.000	131078.965	0.395	39.535	
..\test\CPX22_CO\classcp\K5024200\	301		436235.024	288843.275	0.338	33.787	
..\test\CPX22_CO\classcp\K5024210\	301		415583.452	261576.866	0.371	37.058	
..\test\CPX22_CO\classcp\K5024220\	301		680802.687	520615.259	0.235	23.529	
..\test\CPX22_CO\classcp\K5024300\	301		294704.401	206816.679	0.298	29.822	
..\test\CPX22_CO\classcp\K5024310\	301		270387.044	184426.455	0.318	31.792	
..\test\CPX22_CO\classcp\K5024320\	300		526746.784	448541.368	0.148	14.847	
..\test\CPX22_CO\classcp\K5024400\	302		309551.194	210993.611	0.318	31.839	
..\test\CPX22_CO\classcp\K5024410\	300		294211.793	186283.639	0.367	36.684	
..\test\CPX22_CO\classcp\K5024420\	301		556870.748	450822.912	0.190	19.043	
..\test\CPX22_CO\classcp\K5025200\	301		818116.077	651203.278	0.204	20.402	
..\test\CPX22_CO\classcp\K5025210\	300		452831.792	289893.132	0.360	35.982	
..\test\CPX22_CO\classcp\K5025220\	301		1001814.482	837894.017	0.164	16.362	
..\test\CPX22_CO\classcp\K5025300\	301		596524.432	532552.071	0.107	10.724	
..\test\CPX22_CO\classcp\K5025310\	302		262538.559	193279.012	0.264	26.381	
..\test\CPX22_CO\classcp\K5025320\	301		806774.713	737982.842	0.085	8.527	
..\test\CPX22_CO\classcp\K5025400\	301		636859.232	552705.376	0.132	13.214	
..\test\CPX22_CO\classcp\K5025410\	301		296842.059	208810.441	0.297	29.656	
..\test\CPX22_CO\classcp\K5025420\	301		861994.306	753477.888	0.126	12.589	
..\test\CPX22_CO\classcp\G5011200\	3600.000		3290910.982	2133974.417	0.352	35.156	
..\test\CPX22_CO\classcp\G5011210\	3608.000		3338672.542	2113767.272	0.367	36.688	
..\test\CPX22_CO\classcp\G5011220\	3601.000		3712461.850	2700440.730	0.273	27.260	
..\test\CPX22_CO\classcp\G5011300\	3601.000		1714030.694	1218342.772	0.289	28.919	
..\test\CPX22_CO\classcp\G5011310\	3612.000		1814632.962	1194938.913	0.341	34.150	
..\test\CPX22_CO\classcp\G5011320\	3605.000		2011764.833	1488849.865	0.260	25.993	
..\test\CPX22_CO\classcp\G5011400\	3605.000		2163931.197	1442466.348	0.333	33.340	
..\test\CPX22_CO\classcp\G5011410\	3602.000		2109687.765	1434237.548	0.320	32.017	
..\test\CPX22_CO\classcp\G5011420\	3601.000		2458506.357	1853162.226	0.246	24.622	
..\test\CPX22_CO\classcp\G5012200\	3601.000		2619549.876	1675068.434	0.361	36.055	
..\test\CPX22_CO\classcp\G5012210\	3601.000		2508230.599	1599943.826	0.362	36.212	
..\test\CPX22_CO\classcp\G5012220\	3601.000		2475534.965	1587867.717	0.359	35.858	
..\test\CPX22_CO\classcp\G5012300\	3601.000		1445950.735	1042386.097	0.279	27.910	
..\test\CPX22_CO\classcp\G5012310\	3609.000		1465972.667	1012237.546	0.310	30.951	
..\test\CPX22_CO\classcp\G5012320\	3601.000		1432407.640	1002981.057	0.300	29.979	
..\test\CPX22_CO\classcp\G5012400\	3601.000		1739139.090	1206086.450	0.307	30.650	
..\test\CPX22_CO\classcp\G5012410\	3601.000		1666881.187	1168410.498	0.299	29.904	
..\test\CPX22_CO\classcp\G5012420\	3601.000		1689032.633	1144440.175	0.322	32.243	
..\test\CPX22_CO\classcp\G5013200\	3601.000		2300194.500	1425342.822	0.380	38.034	
..\test\CPX22_CO\classcp\G5013210\	3601.000		2245182.000	1399272.705	0.377	37.677	
..\test\CPX22_CO\classcp\G5013220\	3601.000		2261278.000	1409924.821	0.376	37.649	
..\test\CPX22_CO\classcp\G5013300\	3601.000		1372986.500	939780.050	0.316	31.552	
..\test\CPX22_CO\classcp\G5013310\	3603.000		1347285.000	923184.958	0.315	31.478	
..\test\CPX22_CO\classcp\G5013320\	3601.000		1311625.000	921146.578	0.298	29.771	
..\test\CPX22_CO\classcp\G5013400\	3601.000		1599464.000	1065225.608	0.334	33.401	
..\test\CPX22_CO\classcp\G5013410\	3601.000		1610110.250	1034392.212	0.358	35.756	
..\test\CPX22_CO\classcp\G5013420\	3601.000		1620937.500	1032742.509	0.363	36.287	
..\test\CPX22_CO\classcp\G5014200\	3601.000		2487066.952	1690879.285	0.320	32.013	
..\test\CPX22_CO\classcp\G5014210\	3600.000		2531454.361	1668426.212	0.341	34.092	
..\test\CPX22_CO\classcp\G5014220\	3601.000		2567580.869	1739090.456	0.323	32.267	
..\test\CPX22_CO\classcp\G5014300\	3601.000		1414931.558	1087021.020	0.232	23.175	
..\test\CPX22_CO\classcp\G5014310\	3601.000		1415702.865	1068031.249	0.246	24.558	
..\test\CPX22_CO\classcp\G5014320\	3611.000		1521091.627	1128820.408	0.258	25.789	
..\test\CPX22_CO\classcp\G5014400\	3601.000		1707992.094	1198640.198	0.298	29.822	
..\test\CPX22_CO\classcp\G5014410\	3601.000		1691858.820	1175592.645	0.305	30.515	
..\test\CPX22_CO\classcp\G5014420\	3601.000		1768878.549	1228255.904	0.306	30.563	
..\test\CPX22_CO\classcp\G5015200\	3607.000		3131033.285	1894150.322	0.395	39.504	
..\test\CPX22_CO\classcp\G5015210\	3601.000		2907052.795	1851413.825	0.363	36.313	
..\test\CPX22_CO\classcp\G5015220\	3601.000		3123029.360	2078798.077	0.334	33.436	
..\test\CPX22_CO\classcp\G5015300\	3612.000		1632468.735	1106400.687	0.322	32.225	
..\test\CPX22_CO\classcp\G5015310\	3605.000		1592462.540	1075996.342	0.324	32.432	
..\test\CPX22_CO\classcp\G5015320\	3601.000		1657729.160	1180365.327	0.288	28.796	
..\test\CPX22_CO\classcp\G5015400\	3601.000		1891860.820	1338322.311	0.293	29.259	
..\test\CPX22_CO\classcp\G5015410\	3601.000		1930782.632	1308039.719	0.323	32.253	
..\test\CPX22_CO\classcp\G5015420\	3601.000		2017507.280	1444674.986	0.284	28.393	
..\test\CPX22_CO\classcp\G5021200\	3609.000		3596021.356	2464942.770	0.315	31.454	
..\test\CPX22_CO\classcp\G5021210\	3602.000		7747193.920	6690900.074	0.136	13.635	
..\test\CPX22_CO\classcp\G5021220\	3605.000		40822422.553	39478062.603	0.033	3.293	
..\test\CPX22_CO\classcp\G5021300\	3601.000		1782831.533	1351749.131	0.242	24.180	
..\test\CPX22_CO\classcp\G5021310\	3601.000		5931224.884	5460446.827	0.079	7.937	
..\test\CPX22_CO\classcp\G5021320\	3601.000		38970801.441	38482088.220	0.013	1.254	
..\test\CPX22_CO\classcp\G5021400\	3604.000		2263655.488	1661027.714	0.266	26.622	
..\test\CPX22_CO\classcp\G5021410\	3601.000		6405286.084	5826659.472	0.090	9.034	
..\test\CPX22_CO\classcp\G5021420\	3601.000		39445652.070	38763290.841	0.017	1.730	
..\test\CPX22_CO\classcp\G5022200\	3601.000		2604976.584	1695925.034	0.349	34.897	
..\test\CPX22_CO\classcp\G5022210\	3601.000		2572543.208	1643048.897	0.361	36.131	
..\test\CPX22_CO\classcp\G5022220\	3601.000		2599026.211	1607979.513	0.381	38.131	
..\test\CPX22_CO\classcp\G5022300\	3608.000		1477764.417	1055911.398	0.285	28.547	
..\test\CPX22_CO\classcp\G5022310\	3601.000		1472317.394	1020464.330	0.307	30.690	
..\test\CPX22_CO\classcp\G5022320\	3601.000		1436879.673	1010642.874	0.297	29.664	
..\test\CPX22_CO\classcp\G5022400\	3601.000		1796714.320	1233299.830	0.314	31.358	
..\test\CPX22_CO\classcp\G5022410\	3601.000		1807252.270	1161532.061	0.357	35.729	
..\test\CPX22_CO\classcp\G5022420\	3601.000		1730959.474	1158680.727	0.331	33.061	
..\test\CPX22_CO\classcp\G5023200\	3601.000		2318968.500	1447202.063	0.376	37.593	
..\test\CPX22_CO\classcp\G5023210\	3601.000		2289213.000	1411776.886	0.383	38.329	
..\test\CPX22_CO\classcp\G5023220\	3601.000		2244509.500	1404976.472	0.374	37.404	
..\test\CPX22_CO\classcp\G5023300\	3601.000		1377775.500	947581.459	0.312	31.224	
..\test\CPX22_CO\classcp\G5023310\	3600.000		1336437.500	929582.430	0.304	30.443	
..\test\CPX22_CO\classcp\G5023320\	3601.000		1328363.500	919198.228	0.308	30.802	
..\test\CPX22_CO\classcp\G5023400\	3602.000		1606541.750	1069033.727	0.335	33.457	
..\test\CPX22_CO\classcp\G5023410\	3600.000		1640596.000	1047610.060	0.361	36.145	
..\test\CPX22_CO\classcp\G5023420\	3601.000		1571691.556	1044443.696	0.335	33.547	
..\test\CPX22_CO\classcp\G5024200\	3601.000		2583125.548	1748313.658	0.323	32.318	
..\test\CPX22_CO\classcp\G5024210\	3601.000		2548649.537	1718214.811	0.326	32.583	
..\test\CPX22_CO\classcp\G5024220\	3601.000		5389951.509	4509681.605	0.163	16.332	
..\test\CPX22_CO\classcp\G5024300\	3600.000		1463206.992	1098394.641	0.249	24.932	
..\test\CPX22_CO\classcp\G5024310\	3601.000		1441575.610	1106133.116	0.233	23.269	
..\test\CPX22_CO\classcp\G5024320\	3600.000		4305950.814	3915994.318	0.091	9.056	
..\test\CPX22_CO\classcp\G5024400\	3601.000		1705641.694	1221311.367	0.284	28.396	
..\test\CPX22_CO\classcp\G5024410\	3602.000		1772224.829	1211178.047	0.317	31.658	
..\test\CPX22_CO\classcp\G5024420\	3601.000		4545815.783	4026228.272	0.114	11.430	
..\test\CPX22_CO\classcp\G5025200\	3604.000		3383361.020	2212395.287	0.346	34.610	
..\test\CPX22_CO\classcp\G5025210\	3601.000		6348175.975	5394227.057	0.150	15.027	
..\test\CPX22_CO\classcp\G5025220\	3604.000		22026200.860	20900519.479	0.051	5.111	
..\test\CPX22_CO\classcp\G5025300\	3603.000		1710401.120	1236784.852	0.277	27.690	
..\test\CPX22_CO\classcp\G5025310\	3601.000		4850582.080	4428700.004	0.087	8.698	
..\test\CPX22_CO\classcp\G5025320\	3601.000		20467663.200	20014833.380	0.022	2.212	
..\test\CPX22_CO\classcp\G5025400\	3601.000		2126125.555	1536124.699	0.278	27.750	
..\test\CPX22_CO\classcp\G5025410\	3601.000		5275141.430	4716038.094	0.106	10.599	
..\test\CPX22_CO\classcp\G5025420\	3601.000		20825128.360	20283606.836	0.026	2.600	
..\test\CPX22_CO\classcp\K5011200\	3608.000		470018.366	298470.168	0.365	36.498	
..\test\CPX22_CO\classcp\K5011210\	3601.000		436468.450	294432.811	0.325	32.542	
..\test\CPX22_CO\classcp\K5011220\	3601.000		475333.862	337174.732	0.291	29.066	
..\test\CPX22_CO\classcp\K5011300\	3601.000		234379.770	171421.875	0.269	26.861	
..\test\CPX22_CO\classcp\K5011310\	3601.000		227665.952	169240.273	0.257	25.663	
..\test\CPX22_CO\classcp\K5011320\	3600.000		250179.544	192301.744	0.231	23.134	
..\test\CPX22_CO\classcp\K5011400\	3604.000		274002.473	191302.356	0.302	30.182	
..\test\CPX22_CO\classcp\K5011410\	3605.000		268268.609	186256.251	0.306	30.571	
..\test\CPX22_CO\classcp\K5011420\	3601.000		285584.216	214083.895	0.250	25.036	
..\test\CPX22_CO\classcp\K5012200\	3601.000		354637.333	240242.743	0.323	32.257	
..\test\CPX22_CO\classcp\K5012210\	3601.000		344938.233	231768.830	0.328	32.809	
..\test\CPX22_CO\classcp\K5012220\	3601.000		352492.407	230279.641	0.347	34.671	
..\test\CPX22_CO\classcp\K5012300\	3601.000		203087.649	153123.548	0.246	24.602	
..\test\CPX22_CO\classcp\K5012310\	3601.000		198869.223	151400.950	0.239	23.869	
..\test\CPX22_CO\classcp\K5012320\	3601.000		201656.745	151817.586	0.247	24.715	
..\test\CPX22_CO\classcp\K5012400\	3601.000		220175.469	168502.086	0.235	23.469	
..\test\CPX22_CO\classcp\K5012410\	3601.000		221625.263	166313.023	0.250	24.957	
..\test\CPX22_CO\classcp\K5012420\	3602.000		217715.153	162222.366	0.255	25.489	
..\test\CPX22_CO\classcp\K5013200\	3601.000		321774.000	228996.730	0.288	28.833	
..\test\CPX22_CO\classcp\K5013210\	3601.000		318928.000	223009.228	0.301	30.075	
..\test\CPX22_CO\classcp\K5013220\	3601.000		309233.833	217922.524	0.295	29.528	
..\test\CPX22_CO\classcp\K5013300\	3601.000		188632.000	154737.190	0.180	17.969	
..\test\CPX22_CO\classcp\K5013310\	3601.000		182729.917	152065.143	0.168	16.781	
..\test\CPX22_CO\classcp\K5013320\	3601.000		182554.667	149112.771	0.183	18.319	
..\test\CPX22_CO\classcp\K5013400\	3601.000		209765.000	169111.531	0.194	19.380	
..\test\CPX22_CO\classcp\K5013410\	3601.000		204983.000	166250.353	0.189	18.895	
..\test\CPX22_CO\classcp\K5013420\	3601.000		203799.500	162092.168	0.205	20.465	
..\test\CPX22_CO\classcp\K5014200\	3601.000		354297.506	246445.910	0.304	30.441	
..\test\CPX22_CO\classcp\K5014210\	3601.000		362382.045	242772.554	0.330	33.006	
..\test\CPX22_CO\classcp\K5014220\	3601.000		353221.414	253197.772	0.283	28.317	
..\test\CPX22_CO\classcp\K5014300\	3601.000		201837.537	155715.355	0.229	22.851	
..\test\CPX22_CO\classcp\K5014310\	3601.000		200080.599	155251.660	0.224	22.405	
..\test\CPX22_CO\classcp\K5014320\	3601.000		207454.545	162888.763	0.215	21.482	
..\test\CPX22_CO\classcp\K5014400\	3601.000		223454.045	167797.828	0.249	24.907	
..\test\CPX22_CO\classcp\K5014410\	3601.000		220146.539	165693.364	0.247	24.735	
..\test\CPX22_CO\classcp\K5014420\	3600.000		224107.799	171923.289	0.233	23.285	
..\test\CPX22_CO\classcp\K5015200\	3601.000		392361.305	277241.620	0.293	29.340	
..\test\CPX22_CO\classcp\K5015210\	3601.000		376309.387	269263.995	0.284	28.446	
..\test\CPX22_CO\classcp\K5015220\	3601.000		390371.716	284027.551	0.272	27.242	
..\test\CPX22_CO\classcp\K5015300\	3601.000		211019.826	168974.359	0.199	19.925	
..\test\CPX22_CO\classcp\K5015310\	3601.000		209711.165	164633.636	0.215	21.495	
..\test\CPX22_CO\classcp\K5015320\	3601.000		215196.225	170601.866	0.207	20.723	
..\test\CPX22_CO\classcp\K5015400\	3601.000		241049.122	187890.855	0.221	22.053	
..\test\CPX22_CO\classcp\K5015410\	3601.000		234306.062	182764.429	0.220	21.997	
..\test\CPX22_CO\classcp\K5015420\	3601.000		242902.203	191151.435	0.213	21.305	
..\test\CPX22_CO\classcp\K5021200\	3602.000		1170277.138	1035351.417	0.115	11.529	
..\test\CPX22_CO\classcp\K5021210\	3604.000		687058.377	559723.105	0.185	18.533	
..\test\CPX22_CO\classcp\K5021220\	3607.000		2543598.311	2408417.276	0.053	5.315	
..\test\CPX22_CO\classcp\K5021300\	3605.000		935100.616	876058.797	0.063	6.314	
..\test\CPX22_CO\classcp\K5021310\	3606.000		457878.977	398513.506	0.130	12.965	
..\test\CPX22_CO\classcp\K5021320\	3602.000		2332222.797	2271589.542	0.026	2.600	
..\test\CPX22_CO\classcp\K5021400\	3602.000		975143.571	900915.864	0.076	7.612	
..\test\CPX22_CO\classcp\K5021410\	3606.000		490639.574	428187.029	0.127	12.729	
..\test\CPX22_CO\classcp\K5021420\	3601.000		2353780.354	2290506.159	0.027	2.688	
..\test\CPX22_CO\classcp\K5022200\	3601.000		373454.163	247442.096	0.337	33.742	
..\test\CPX22_CO\classcp\K5022210\	3600.000		352496.505	232537.073	0.340	34.031	
..\test\CPX22_CO\classcp\K5022220\	3601.000		348971.737	228386.068	0.346	34.554	
..\test\CPX22_CO\classcp\K5022300\	3601.000		210740.991	155001.573	0.264	26.449	
..\test\CPX22_CO\classcp\K5022310\	3601.000		196806.290	150345.865	0.236	23.607	
..\test\CPX22_CO\classcp\K5022320\	3602.000		204138.358	148579.191	0.272	27.216	
..\test\CPX22_CO\classcp\K5022400\	3601.000		223496.127	173405.832	0.224	22.412	
..\test\CPX22_CO\classcp\K5022410\	3601.000		219359.365	165751.527	0.244	24.438	
..\test\CPX22_CO\classcp\K5022420\	3600.000		219344.038	160294.517	0.269	26.921	
..\test\CPX22_CO\classcp\K5023200\	3601.000		320420.000	228717.877	0.286	28.619	
..\test\CPX22_CO\classcp\K5023210\	3601.000		309053.000	222194.461	0.281	28.105	
..\test\CPX22_CO\classcp\K5023220\	3601.000		308615.500	214922.826	0.304	30.359	
..\test\CPX22_CO\classcp\K5023300\	3601.000		187376.333	155210.480	0.172	17.166	
..\test\CPX22_CO\classcp\K5023310\	3601.000		183710.000	149841.176	0.184	18.436	
..\test\CPX22_CO\classcp\K5023320\	3601.000		179789.167	147224.469	0.181	18.113	
..\test\CPX22_CO\classcp\K5023400\	3604.000		208918.500	168096.833	0.195	19.539	
..\test\CPX22_CO\classcp\K5023410\	3601.000		203387.000	163071.912	0.198	19.822	
..\test\CPX22_CO\classcp\K5023420\	3601.000		202299.000	159706.955	0.211	21.054	
..\test\CPX22_CO\classcp\K5024200\	3604.000		423751.291	320785.516	0.243	24.299	
..\test\CPX22_CO\classcp\K5024210\	3600.000		392164.792	292609.381	0.254	25.386	
..\test\CPX22_CO\classcp\K5024220\	3603.000		663151.171	550255.044	0.170	17.024	
..\test\CPX22_CO\classcp\K5024300\	3601.000		268203.401	222966.324	0.169	16.867	
..\test\CPX22_CO\classcp\K5024310\	3602.000		246598.753	203558.057	0.175	17.454	
..\test\CPX22_CO\classcp\K5024320\	3601.000		507247.905	459954.196	0.093	9.324	
..\test\CPX22_CO\classcp\K5024400\	3600.000		294254.491	233349.693	0.207	20.698	
..\test\CPX22_CO\classcp\K5024410\	3601.000		272713.845	214428.227	0.214	21.372	
..\test\CPX22_CO\classcp\K5024420\	3601.000		529384.688	470171.103	0.112	11.185	
..\test\CPX22_CO\classcp\K5025200\	3601.000		796228.816	670636.926	0.158	15.773	
..\test\CPX22_CO\classcp\K5025210\	3603.000		432326.200	325765.338	0.246	24.648	
..\test\CPX22_CO\classcp\K5025220\	3600.000		969345.567	863431.389	0.109	10.926	
..\test\CPX22_CO\classcp\K5025300\	3601.000		585809.823	544893.060	0.070	6.985	
..\test\CPX22_CO\classcp\K5025310\	3602.000		252289.600	208988.844	0.172	17.163	
..\test\CPX22_CO\classcp\K5025320\	3601.000		793401.808	751521.663	0.053	5.279	
..\test\CPX22_CO\classcp\K5025400\	3602.000		617405.473	567047.678	0.082	8.156	
..\test\CPX22_CO\classcp\K5025410\	3602.000		280693.720	228989.321	0.184	18.420	
..\test\CPX22_CO\classcp\K5025420\	3601.000		827464.745	769668.713	0.070	6.985	
