..\test\CPX22_CO\classep\G5011200\	302		7600900.018	3768822.748	0.504	50.416	
..\test\CPX22_CO\classep\G5012200\	300		6226850.635	3401258.878	0.454	45.378	
..\test\CPX22_CO\classep\G5013200\	300		7352864.500	3220264.797	0.562	56.204	
..\test\CPX22_CO\classep\G5014200\	300		6542492.928	3381401.607	0.483	48.316	
..\test\CPX22_CO\classep\G5015200\	301		6523103.293	3478441.901	0.467	46.675	
..\test\CPX22_CO\classep\G5021200\	300		7569091.482	3745877.398	0.505	50.511	
..\test\CPX22_CO\classep\G5022200\	300		6297326.138	3398440.680	0.460	46.034	
..\test\CPX22_CO\classep\G5023200\	300		7383456.792	3159867.158	0.572	57.203	
..\test\CPX22_CO\classep\G5024200\	300		6504179.487	3387846.518	0.479	47.913	
..\test\CPX22_CO\classep\G5025200\	300		6803664.790	3485009.975	0.488	48.777	
..\test\CPX22_CO\classep\G5011200\	3601.000		7154384.483	4552124.281	0.364	36.373	
..\test\CPX22_CO\classep\G5012200\	3601.000		5825532.474	4237585.008	0.273	27.258	
..\test\CPX22_CO\classep\G5013200\	3601.000		5294887.667	3983243.505	0.248	24.772	
..\test\CPX22_CO\classep\G5014200\	3601.000		5925577.353	4197316.509	0.292	29.166	
..\test\CPX22_CO\classep\G5015200\	3600.000		5973271.296	4435243.398	0.257	25.748	
..\test\CPX22_CO\classep\G5021200\	3602.000		7060671.846	4556050.034	0.355	35.473	
..\test\CPX22_CO\classep\G5022200\	3600.000		5749568.609	4215472.966	0.267	26.682	
..\test\CPX22_CO\classep\G5023200\	3601.000		5309415.500	3956359.904	0.255	25.484	
..\test\CPX22_CO\classep\G5024200\	3601.000		5931552.927	4151947.761	0.300	30.002	
..\test\CPX22_CO\classep\G5025200\	3601.000		6076849.594	4491125.535	0.261	26.095	
