..\test\CPX22_CO\classd\G0121310\	300		608369.391	422563.076	0.305	30.542	
..\test\CPX22_CO\classd\G0121320\	300		2743960.668	491048.861	0.821	82.104	
..\test\CPX22_CO\classd\G0121410\	300		838694.169	548792.493	0.346	34.566	
..\test\CPX22_CO\classd\G0121420\	300		3431372.230	655390.905	0.809	80.900	
..\test\CPX22_CO\classd\G0122310\	300		478389.977	334259.006	0.301	30.128	
..\test\CPX22_CO\classd\G0122320\	300		470638.557	331435.735	0.296	29.577	
..\test\CPX22_CO\classd\G0122410\	300		572937.840	390749.427	0.318	31.799	
..\test\CPX22_CO\classd\G0122420\	301		582231.120	383057.443	0.342	34.209	
..\test\CPX22_CO\classd\G0123310\	300		463004.000	311871.169	0.326	32.642	
..\test\CPX22_CO\classd\G0123320\	300		433147.000	313487.284	0.276	27.626	
..\test\CPX22_CO\classd\G0123410\	300		540079.000	363398.172	0.327	32.714	
..\test\CPX22_CO\classd\G0123420\	300		524609.000	358293.029	0.317	31.703	
..\test\CPX22_CO\classd\G0124310\	300		480071.804	326923.284	0.319	31.901	
..\test\CPX22_CO\classd\G0124320\	300		465683.186	323570.201	0.305	30.517	
..\test\CPX22_CO\classd\G0124410\	300		577013.092	374721.383	0.351	35.058	
..\test\CPX22_CO\classd\G0124420\	300		545192.629	369030.978	0.323	32.312	
..\test\CPX22_CO\classd\G0125310\	300		600609.680	440707.913	0.266	26.623	
..\test\CPX22_CO\classd\G0125320\	300		2050895.510	499375.774	0.757	75.651	
..\test\CPX22_CO\classd\G0125410\	300		767386.540	586176.843	0.236	23.614	
..\test\CPX22_CO\classd\G0125420\	300		2144150.550	667051.733	0.689	68.890	
..\test\CPX22_CO\classd\G0421310\	300		508054.208	345908.104	0.319	31.915	
..\test\CPX22_CO\classd\G0421320\	300		521454.976	339363.686	0.349	34.920	
..\test\CPX22_CO\classd\G0421410\	300		614598.530	406433.912	0.339	33.870	
..\test\CPX22_CO\classd\G0421420\	300		622198.055	394659.873	0.366	36.570	
..\test\CPX22_CO\classd\G0422310\	300		481260.260	324031.232	0.327	32.670	
..\test\CPX22_CO\classd\G0422320\	300		464822.780	318089.551	0.316	31.567	
..\test\CPX22_CO\classd\G0422410\	300		562260.520	374660.931	0.334	33.365	
..\test\CPX22_CO\classd\G0422420\	300		532243.800	364788.357	0.315	31.462	
..\test\CPX22_CO\classd\G0423310\	300		443380.000	308992.413	0.303	30.310	
..\test\CPX22_CO\classd\G0423320\	300		435885.000	306204.194	0.298	29.751	
..\test\CPX22_CO\classd\G0423410\	300		537422.000	356770.830	0.336	33.614	
..\test\CPX22_CO\classd\G0423420\	300		505904.000	354433.148	0.299	29.941	
..\test\CPX22_CO\classd\G0424310\	300		458823.714	322678.957	0.297	29.672	
..\test\CPX22_CO\classd\G0424320\	300		473428.542	316611.505	0.331	33.124	
..\test\CPX22_CO\classd\G0424410\	300		540239.784	362948.825	0.328	32.817	
..\test\CPX22_CO\classd\G0424420\	300		546719.182	360704.187	0.340	34.024	
..\test\CPX22_CO\classd\G0425310\	300		488521.840	341810.745	0.300	30.032	
..\test\CPX22_CO\classd\G0425320\	300		470079.130	332636.793	0.292	29.238	
..\test\CPX22_CO\classd\G0425410\	300		590262.320	406226.773	0.312	31.179	
..\test\CPX22_CO\classd\G0425420\	300		591413.650	391043.680	0.339	33.880	
..\test\CPX22_CO\classd\G5121310\	300		685001.893	438112.952	0.360	36.042	
..\test\CPX22_CO\classd\G5121320\	300		4124189.469	481755.051	0.883	88.319	
..\test\CPX22_CO\classd\G5121410\	300		986280.880	563088.677	0.429	42.908	
..\test\CPX22_CO\classd\G5121420\	300		3125105.423	613551.027	0.804	80.367	
..\test\CPX22_CO\classd\G5122310\	300		512052.850	356437.187	0.304	30.390	
..\test\CPX22_CO\classd\G5122320\	300		488727.301	350308.390	0.283	28.322	
..\test\CPX22_CO\classd\G5122410\	300		599750.069	419863.497	0.300	29.994	
..\test\CPX22_CO\classd\G5122420\	300		579369.157	412307.140	0.288	28.835	
..\test\CPX22_CO\classd\G5123310\	301		465704.000	333339.264	0.284	28.422	
..\test\CPX22_CO\classd\G5123320\	300		467496.000	327693.273	0.299	29.905	
..\test\CPX22_CO\classd\G5123410\	300		567771.000	388495.236	0.316	31.575	
..\test\CPX22_CO\classd\G5123420\	300		539247.111	383402.517	0.289	28.900	
..\test\CPX22_CO\classd\G5124310\	300		485686.128	351962.786	0.275	27.533	
..\test\CPX22_CO\classd\G5124320\	300		469556.070	350523.449	0.254	25.350	
..\test\CPX22_CO\classd\G5124410\	300		579811.660	409624.354	0.294	29.352	
..\test\CPX22_CO\classd\G5124420\	300		565502.140	406738.578	0.281	28.075	
..\test\CPX22_CO\classd\G5125310\	300		616788.649	430839.511	0.301	30.148	
..\test\CPX22_CO\classd\G5125320\	301		1121667.090	464692.272	0.586	58.571	
..\test\CPX22_CO\classd\G5125410\	300		760121.570	556958.409	0.267	26.728	
..\test\CPX22_CO\classd\G5125420\	300		808675.515	612608.529	0.242	24.245	
..\test\CPX22_CO\classd\G5421310\	300		552519.002	371425.873	0.328	32.776	
..\test\CPX22_CO\classd\G5421320\	300		523249.710	363076.367	0.306	30.611	
..\test\CPX22_CO\classd\G5421410\	300		630938.041	443847.057	0.297	29.653	
..\test\CPX22_CO\classd\G5421420\	301		764452.641	421245.769	0.449	44.896	
..\test\CPX22_CO\classd\G5422310\	300		475071.980	350440.137	0.262	26.234	
..\test\CPX22_CO\classd\G5422320\	300		481302.270	340686.185	0.292	29.216	
..\test\CPX22_CO\classd\G5422410\	300		564617.000	404160.633	0.284	28.419	
..\test\CPX22_CO\classd\G5422420\	300		563132.130	397112.959	0.295	29.481	
..\test\CPX22_CO\classd\G5423310\	300		450957.000	323680.659	0.282	28.224	
..\test\CPX22_CO\classd\G5423320\	300		441031.000	323252.751	0.267	26.705	
..\test\CPX22_CO\classd\G5423410\	300		536669.333	376882.891	0.298	29.774	
..\test\CPX22_CO\classd\G5423420\	300		524592.000	376095.381	0.283	28.307	
..\test\CPX22_CO\classd\G5424310\	300		466147.566	344416.468	0.261	26.114	
..\test\CPX22_CO\classd\G5424320\	300		462827.621	341017.859	0.263	26.319	
..\test\CPX22_CO\classd\G5424410\	300		557420.324	393774.981	0.294	29.358	
..\test\CPX22_CO\classd\G5424420\	300		557948.401	396115.103	0.290	29.005	
..\test\CPX22_CO\classd\G5425310\	300		496777.220	354488.152	0.286	28.642	
..\test\CPX22_CO\classd\G5425320\	300		490745.380	345398.091	0.296	29.618	
..\test\CPX22_CO\classd\G5425410\	301		618502.220	422705.543	0.317	31.657	
..\test\CPX22_CO\classd\G5425420\	300		584473.000	409554.978	0.299	29.927	
..\test\CPX22_CO\classd\G0121310\	3600.000		577688.805	437794.078	0.242	24.216	
..\test\CPX22_CO\classd\G0121320\	3601.000		2359784.872	512021.828	0.783	78.302	
..\test\CPX22_CO\classd\G0121410\	3601.000		762231.440	572795.823	0.249	24.853	
..\test\CPX22_CO\classd\G0121420\	3605.000		3326988.918	681891.211	0.795	79.504	
..\test\CPX22_CO\classd\G0122310\	3601.000		457889.740	349188.535	0.237	23.740	
..\test\CPX22_CO\classd\G0122320\	3600.000		439100.624	342904.328	0.219	21.908	
..\test\CPX22_CO\classd\G0122410\	3601.000		544709.280	412806.706	0.242	24.215	
..\test\CPX22_CO\classd\G0122420\	3600.000		538880.960	398763.429	0.260	26.002	
..\test\CPX22_CO\classd\G0123310\	3600.000		428770.000	332157.311	0.225	22.532	
..\test\CPX22_CO\classd\G0123320\	3601.000		418142.000	331579.001	0.207	20.702	
..\test\CPX22_CO\classd\G0123410\	3601.000		517801.000	390609.784	0.246	24.564	
..\test\CPX22_CO\classd\G0123420\	3600.000		499212.000	386538.713	0.226	22.570	
..\test\CPX22_CO\classd\G0124310\	3600.000		445123.016	341267.994	0.233	23.332	
..\test\CPX22_CO\classd\G0124320\	3603.000		441231.143	335639.713	0.239	23.931	
..\test\CPX22_CO\classd\G0124410\	3605.000		532849.620	383496.700	0.280	28.029	
..\test\CPX22_CO\classd\G0124420\	3600.000		517418.108	382090.498	0.262	26.154	
..\test\CPX22_CO\classd\G0125310\	3606.000		546341.740	455074.350	0.167	16.705	
..\test\CPX22_CO\classd\G0125320\	3602.000		1211817.608	510429.200	0.579	57.879	
..\test\CPX22_CO\classd\G0125410\	3607.000		724433.020	597530.508	0.175	17.517	
..\test\CPX22_CO\classd\G0125420\	3600.000		1427643.128	678701.293	0.525	52.460	
..\test\CPX22_CO\classd\G0421310\	3604.000		472418.740	359691.964	0.239	23.862	
..\test\CPX22_CO\classd\G0421320\	3600.000		468968.107	344387.671	0.266	26.565	
..\test\CPX22_CO\classd\G0421410\	3602.000		581686.780	424992.681	0.269	26.938	
..\test\CPX22_CO\classd\G0421420\	3600.000		562213.310	408705.829	0.273	27.304	
..\test\CPX22_CO\classd\G0422310\	3604.000		438172.260	329895.942	0.247	24.711	
..\test\CPX22_CO\classd\G0422320\	3601.000		430504.680	323908.777	0.248	24.761	
..\test\CPX22_CO\classd\G0422410\	3601.000		531158.120	394767.703	0.257	25.678	
..\test\CPX22_CO\classd\G0422420\	3600.000		514522.830	390350.310	0.241	24.133	
..\test\CPX22_CO\classd\G0423310\	3606.000		423588.000	313937.103	0.259	25.886	
..\test\CPX22_CO\classd\G0423320\	3601.000		412288.000	326280.754	0.209	20.861	
..\test\CPX22_CO\classd\G0423410\	3601.000		507400.000	366971.572	0.277	27.676	
..\test\CPX22_CO\classd\G0423420\	3600.000		496884.000	363456.029	0.269	26.853	
..\test\CPX22_CO\classd\G0424310\	3605.000		441717.850	327175.896	0.259	25.931	
..\test\CPX22_CO\classd\G0424320\	3603.000		435896.564	320685.260	0.264	26.431	
..\test\CPX22_CO\classd\G0424410\	3600.000		518071.896	391084.171	0.245	24.512	
..\test\CPX22_CO\classd\G0424420\	3600.000		510860.814	387727.601	0.241	24.103	
..\test\CPX22_CO\classd\G0425310\	3601.000		458705.860	361956.583	0.211	21.092	
..\test\CPX22_CO\classd\G0425320\	3600.000		442056.440	344209.969	0.221	22.134	
..\test\CPX22_CO\classd\G0425410\	3600.000		555174.340	430514.133	0.225	22.454	
..\test\CPX22_CO\classd\G0425420\	3600.000		546006.770	410622.930	0.248	24.795	
..\test\CPX22_CO\classd\G5121310\	3608.000		588607.914	457087.809	0.223	22.344	
..\test\CPX22_CO\classd\G5121320\	3601.000		1250125.315	503600.522	0.597	59.716	
..\test\CPX22_CO\classd\G5121410\	3607.000		769173.322	585971.780	0.238	23.818	
..\test\CPX22_CO\classd\G5121420\	3600.000		1783220.803	637077.662	0.643	64.274	
..\test\CPX22_CO\classd\G5122310\	3600.000		475640.978	366735.454	0.229	22.897	
..\test\CPX22_CO\classd\G5122320\	3600.000		455325.944	368089.183	0.192	19.159	
..\test\CPX22_CO\classd\G5122410\	3601.000		571370.431	438865.433	0.232	23.191	
..\test\CPX22_CO\classd\G5122420\	3600.000		557576.037	430921.250	0.227	22.715	
..\test\CPX22_CO\classd\G5123310\	3604.000		439480.000	337968.261	0.231	23.098	
..\test\CPX22_CO\classd\G5123320\	3601.000		436938.500	347374.611	0.205	20.498	
..\test\CPX22_CO\classd\G5123410\	3600.000		526396.500	405122.271	0.230	23.039	
..\test\CPX22_CO\classd\G5123420\	3603.000		519193.000	391821.625	0.245	24.533	
..\test\CPX22_CO\classd\G5124310\	3600.000		465799.406	368843.389	0.208	20.815	
..\test\CPX22_CO\classd\G5124320\	3605.000		454982.888	354273.464	0.221	22.135	
..\test\CPX22_CO\classd\G5124410\	3605.000		547308.048	423214.477	0.227	22.673	
..\test\CPX22_CO\classd\G5124420\	3601.000		541855.986	426782.583	0.212	21.237	
..\test\CPX22_CO\classd\G5125310\	3607.000		565405.180	444541.125	0.214	21.377	
..\test\CPX22_CO\classd\G5125320\	3606.000		601143.659	481378.909	0.199	19.923	
..\test\CPX22_CO\classd\G5125410\	3607.000		726746.820	573068.335	0.211	21.146	
..\test\CPX22_CO\classd\G5125420\	3604.000		793567.710	629818.455	0.206	20.635	
..\test\CPX22_CO\classd\G5421310\	3608.000		502050.172	376799.910	0.249	24.948	
..\test\CPX22_CO\classd\G5421320\	3600.000		484210.422	379955.190	0.215	21.531	
..\test\CPX22_CO\classd\G5421410\	3609.000		604925.721	448636.255	0.258	25.836	
..\test\CPX22_CO\classd\G5421420\	3600.000		600829.387	444149.254	0.261	26.077	
..\test\CPX22_CO\classd\G5422310\	3608.000		453079.500	354440.084	0.218	21.771	
..\test\CPX22_CO\classd\G5422320\	3601.000		441694.710	358955.586	0.187	18.732	
..\test\CPX22_CO\classd\G5422410\	3606.000		544461.680	414357.908	0.239	23.896	
..\test\CPX22_CO\classd\G5422420\	3606.000		533616.150	402173.225	0.246	24.632	
..\test\CPX22_CO\classd\G5423310\	3600.000		430708.000	340296.937	0.210	20.991	
..\test\CPX22_CO\classd\G5423320\	3601.000		421116.000	338006.674	0.197	19.735	
..\test\CPX22_CO\classd\G5423410\	3600.000		511990.000	389501.344	0.239	23.924	
..\test\CPX22_CO\classd\G5423420\	3600.000		499129.000	384109.782	0.230	23.044	
..\test\CPX22_CO\classd\G5424310\	3605.000		455361.085	361513.077	0.206	20.610	
..\test\CPX22_CO\classd\G5424320\	3600.000		446572.431	353781.195	0.208	20.778	
..\test\CPX22_CO\classd\G5424410\	3601.000		531714.546	416969.566	0.216	21.580	
..\test\CPX22_CO\classd\G5424420\	3609.000		521436.654	401825.818	0.229	22.939	
..\test\CPX22_CO\classd\G5425310\	3602.000		469829.700	362732.424	0.228	22.795	
..\test\CPX22_CO\classd\G5425320\	3606.000		461455.120	350257.634	0.241	24.097	
..\test\CPX22_CO\classd\G5425410\	3606.000		568350.120	432288.355	0.239	23.940	
..\test\CPX22_CO\classd\G5425420\	3602.000		559019.760	432214.695	0.227	22.683	
