..\test\CPX22_30\classap\G5011300\	30		156305.851	135825.597	0.131	13.103	
..\test\CPX22_30\classap\G5011310\	30		149174.801	122238.816	0.181	18.057	
..\test\CPX22_30\classap\G5011320\	30		156044.431	133803.517	0.143	14.253	
..\test\CPX22_30\classap\G5011400\	30		182513.272	164078.260	0.101	10.101	
..\test\CPX22_30\classap\G5011410\	30		172483.584	144169.409	0.164	16.415	
..\test\CPX22_30\classap\G5011420\	30		195301.285	162354.043	0.169	16.870	
..\test\CPX22_30\classap\G5012300\	30		122073.577	105574.355	0.135	13.516	
..\test\CPX22_30\classap\G5012310\	30		118834.112	102421.146	0.138	13.812	
..\test\CPX22_30\classap\G5012320\	30		117352.481	100951.268	0.140	13.976	
..\test\CPX22_30\classap\G5012400\	30		138145.677	119998.209	0.131	13.136	
..\test\CPX22_30\classap\G5012410\	30		133545.014	115360.410	0.136	13.617	
..\test\CPX22_30\classap\G5012420\	30		133531.025	114316.702	0.144	14.389	
..\test\CPX22_30\classap\G5013300\	30		109002.000	91107.688	0.164	16.416	
..\test\CPX22_30\classap\G5013310\	30		106754.000	89880.687	0.158	15.806	
..\test\CPX22_30\classap\G5013320\	30		106669.000	89747.786	0.159	15.863	
..\test\CPX22_30\classap\G5013400\	30		119416.000	99444.185	0.167	16.724	
..\test\CPX22_30\classap\G5013410\	30		117680.062	97925.338	0.168	16.787	
..\test\CPX22_30\classap\G5013420\	30		116705.750	96680.308	0.172	17.159	
..\test\CPX22_30\classap\G5014300\	30		120400.811	102652.422	0.147	14.741	
..\test\CPX22_30\classap\G5014310\	30		121496.652	102142.067	0.159	15.930	
..\test\CPX22_30\classap\G5014320\	30		123378.086	105806.390	0.142	14.242	
..\test\CPX22_30\classap\G5014400\	30		128176.216	107581.398	0.161	16.067	
..\test\CPX22_30\classap\G5014410\	30		129488.990	108213.918	0.164	16.430	
..\test\CPX22_30\classap\G5014420\	30		129295.151	112611.898	0.129	12.903	
..\test\CPX22_30\classap\G5015300\	30		140878.587	126441.679	0.102	10.248	
..\test\CPX22_30\classap\G5015310\	30		131811.285	111415.529	0.155	15.473	
..\test\CPX22_30\classap\G5015320\	30		135156.244	115147.173	0.148	14.804	
..\test\CPX22_30\classap\G5015400\	30		172377.649	154797.294	0.102	10.199	
..\test\CPX22_30\classap\G5015410\	30		160337.930	134392.640	0.162	16.182	
..\test\CPX22_30\classap\G5015420\	30		158679.755	140305.467	0.116	11.579	
..\test\CPX22_30\classap\G5021300\	30		165436.765	151766.767	0.083	8.263	
..\test\CPX22_30\classap\G5021310\	30		148641.414	122715.537	0.174	17.442	
..\test\CPX22_30\classap\G5021320\	30		607698.759	597371.956	0.017	1.699	
..\test\CPX22_30\classap\G5021400\	30		207774.659	191504.356	0.078	7.831	
..\test\CPX22_30\classap\G5021410\	30		178724.182	145269.169	0.187	18.719	
..\test\CPX22_30\classap\G5021420\	30		670497.522	657771.474	0.019	1.898	
..\test\CPX22_30\classap\G5022300\	30		125679.898	105571.678	0.160	15.999	
..\test\CPX22_30\classap\G5022310\	30		119618.858	103292.140	0.136	13.649	
..\test\CPX22_30\classap\G5022320\	30		121426.644	103869.714	0.145	14.459	
..\test\CPX22_30\classap\G5022400\	30		138553.231	120311.238	0.132	13.166	
..\test\CPX22_30\classap\G5022410\	30		133688.030	116234.173	0.131	13.056	
..\test\CPX22_30\classap\G5022420\	30		136533.426	118057.860	0.135	13.532	
..\test\CPX22_30\classap\G5023300\	30		107697.000	92984.405	0.137	13.661	
..\test\CPX22_30\classap\G5023310\	30		106822.500	90823.644	0.150	14.977	
..\test\CPX22_30\classap\G5023320\	30		108732.000	91854.280	0.155	15.522	
..\test\CPX22_30\classap\G5023400\	30		120293.250	99387.372	0.174	17.379	
..\test\CPX22_30\classap\G5023410\	30		117891.500	99717.143	0.154	15.416	
..\test\CPX22_30\classap\G5023420\	30		116811.000	100321.148	0.141	14.117	
..\test\CPX22_30\classap\G5024300\	30		123587.145	104656.486	0.153	15.318	
..\test\CPX22_30\classap\G5024310\	30		121256.982	102541.260	0.154	15.435	
..\test\CPX22_30\classap\G5024320\	30		327640.733	313445.261	0.043	4.333	
..\test\CPX22_30\classap\G5024400\	30		127978.117	108549.305	0.152	15.181	
..\test\CPX22_30\classap\G5024410\	30		127031.536	108337.373	0.147	14.716	
..\test\CPX22_30\classap\G5024420\	30		335537.621	319989.590	0.046	4.634	
..\test\CPX22_30\classap\G5025300\	30		154395.581	138014.113	0.106	10.610	
..\test\CPX22_30\classap\G5025310\	30		132856.233	112187.411	0.156	15.557	
..\test\CPX22_30\classap\G5025320\	30		374834.189	362685.454	0.032	3.241	
..\test\CPX22_30\classap\G5025400\	30		191068.583	175260.895	0.083	8.273	
..\test\CPX22_30\classap\G5025410\	30		158600.751	134022.171	0.155	15.497	
..\test\CPX22_30\classap\G5025420\	30		413099.468	402355.891	0.026	2.601	
..\test\CPX22_30\classap\K5011300\	30		205684.825	186716.798	0.092	9.222	
..\test\CPX22_30\classap\K5011310\	30		127901.196	100897.107	0.211	21.113	
..\test\CPX22_30\classap\K5011320\	30		125747.964	104239.015	0.171	17.105	
..\test\CPX22_30\classap\K5011400\	30		267490.994	240210.934	0.102	10.198	
..\test\CPX22_30\classap\K5011410\	30		183572.003	131297.893	0.285	28.476	
..\test\CPX22_30\classap\K5011420\	31		170926.362	132274.067	0.226	22.613	
..\test\CPX22_30\classap\K5012300\	30		110141.443	88925.443	0.193	19.262	
..\test\CPX22_30\classap\K5012310\	30		109258.206	87792.968	0.196	19.646	
..\test\CPX22_30\classap\K5012320\	30		105153.625	85042.574	0.191	19.125	
..\test\CPX22_30\classap\K5012400\	30		140670.920	114092.229	0.189	18.894	
..\test\CPX22_30\classap\K5012410\	30		137014.985	111163.367	0.189	18.868	
..\test\CPX22_30\classap\K5012420\	30		129638.768	107900.792	0.168	16.768	
..\test\CPX22_30\classap\K5013300\	30		96712.000	76953.155	0.204	20.430	
..\test\CPX22_30\classap\K5013310\	30		97613.500	80149.151	0.179	17.891	
..\test\CPX22_30\classap\K5013320\	30		95177.000	76999.219	0.191	19.099	
..\test\CPX22_30\classap\K5013400\	31		120643.500	95157.601	0.211	21.125	
..\test\CPX22_30\classap\K5013410\	30		121632.000	95010.040	0.219	21.887	
..\test\CPX22_30\classap\K5013420\	30		115798.750	93064.578	0.196	19.632	
..\test\CPX22_30\classap\K5014300\	30		123072.888	105952.533	0.139	13.911	
..\test\CPX22_30\classap\K5014310\	30		110962.578	91764.693	0.173	17.301	
..\test\CPX22_30\classap\K5014320\	30		110153.699	92462.478	0.161	16.060	
..\test\CPX22_30\classap\K5014400\	30		145118.644	122906.215	0.153	15.306	
..\test\CPX22_30\classap\K5014410\	30		135724.629	108051.738	0.204	20.389	
..\test\CPX22_30\classap\K5014420\	30		134572.253	107263.301	0.203	20.293	
..\test\CPX22_30\classap\K5015300\	30		150098.326	134888.737	0.101	10.133	
..\test\CPX22_30\classap\K5015310\	30		118017.433	92033.428	0.220	22.017	
..\test\CPX22_30\classap\K5015320\	30		109367.771	90212.683	0.175	17.514	
..\test\CPX22_30\classap\K5015400\	30		201748.167	177344.822	0.121	12.096	
..\test\CPX22_30\classap\K5015410\	30		158231.648	119250.957	0.246	24.635	
..\test\CPX22_30\classap\K5015420\	30		145619.908	117569.014	0.193	19.263	
..\test\CPX22_30\classap\K5021300\	30		131760.068	110098.446	0.164	16.440	
..\test\CPX22_30\classap\K5021310\	30		120984.973	95450.434	0.211	21.105	
..\test\CPX22_30\classap\K5021320\	30		120099.289	97969.151	0.184	18.426	
..\test\CPX22_30\classap\K5021400\	30		189466.166	147156.659	0.223	22.331	
..\test\CPX22_30\classap\K5021410\	30		151739.920	123751.045	0.184	18.445	
..\test\CPX22_30\classap\K5021420\	30		152516.974	125236.558	0.179	17.887	
..\test\CPX22_30\classap\K5022300\	30		112371.005	88704.385	0.211	21.061	
..\test\CPX22_30\classap\K5022310\	30		105952.256	84980.546	0.198	19.793	
..\test\CPX22_30\classap\K5022320\	30		102968.576	81978.136	0.204	20.385	
..\test\CPX22_30\classap\K5022400\	30		138617.058	112745.666	0.187	18.664	
..\test\CPX22_30\classap\K5022410\	30		131689.243	107316.213	0.185	18.508	
..\test\CPX22_30\classap\K5022420\	30		127072.023	104177.151	0.180	18.017	
..\test\CPX22_30\classap\K5023300\	30		98385.500	80569.328	0.181	18.108	
..\test\CPX22_30\classap\K5023310\	30		94537.000	76984.890	0.186	18.566	
..\test\CPX22_30\classap\K5023320\	30		90961.000	74940.415	0.176	17.612	
..\test\CPX22_30\classap\K5023400\	30		121938.000	96507.424	0.209	20.855	
..\test\CPX22_30\classap\K5023410\	30		118669.500	93740.393	0.210	21.007	
..\test\CPX22_30\classap\K5023420\	30		114617.000	90615.423	0.209	20.940	
..\test\CPX22_30\classap\K5024300\	30		112092.530	93422.257	0.167	16.656	
..\test\CPX22_30\classap\K5024310\	30		108553.380	89592.224	0.175	17.467	
..\test\CPX22_30\classap\K5024320\	30		106596.985	89908.497	0.157	15.656	
..\test\CPX22_30\classap\K5024400\	30		134791.986	110721.710	0.179	17.857	
..\test\CPX22_30\classap\K5024410\	30		135058.439	105561.873	0.218	21.840	
..\test\CPX22_30\classap\K5024420\	30		130386.986	105513.962	0.191	19.076	
..\test\CPX22_30\classap\K5025300\	30		121012.341	98973.893	0.182	18.212	
..\test\CPX22_30\classap\K5025310\	30		106544.966	86781.929	0.185	18.549	
..\test\CPX22_30\classap\K5025320\	30		103947.767	86073.296	0.172	17.195	
..\test\CPX22_30\classap\K5025400\	30		171049.926	130760.293	0.236	23.554	
..\test\CPX22_30\classap\K5025410\	30		137684.343	112744.518	0.181	18.114	
..\test\CPX22_30\classap\K5025420\	30		133963.209	113379.279	0.154	15.365	
..\test\CPX22_MLCLSP\classap\G5011300\	300		153190.222	138469.389	0.096	9.609	
..\test\CPX22_MLCLSP\classap\G5011310\	300		146130.948	124472.401	0.148	14.821	
..\test\CPX22_MLCLSP\classap\G5011320\	300		152757.363	137815.885	0.098	9.781	
..\test\CPX22_MLCLSP\classap\G5011400\	301		180734.481	171228.868	0.053	5.259	
..\test\CPX22_MLCLSP\classap\G5011410\	300		168796.897	149498.713	0.114	11.433	
..\test\CPX22_MLCLSP\classap\G5011420\	300		188809.609	169875.996	0.100	10.028	
..\test\CPX22_MLCLSP\classap\G5012300\	302		120601.860	107401.962	0.109	10.945	
..\test\CPX22_MLCLSP\classap\G5012310\	301		116330.355	104019.904	0.106	10.582	
..\test\CPX22_MLCLSP\classap\G5012320\	301		115241.203	102632.452	0.109	10.941	
..\test\CPX22_MLCLSP\classap\G5012400\	300		133764.551	123057.135	0.080	8.005	
..\test\CPX22_MLCLSP\classap\G5012410\	300		130731.521	119123.790	0.089	8.879	
..\test\CPX22_MLCLSP\classap\G5012420\	301		130044.391	116917.217	0.101	10.094	
..\test\CPX22_MLCLSP\classap\G5013300\	300		108010.500	93579.163	0.134	13.361	
..\test\CPX22_MLCLSP\classap\G5013310\	301		106588.500	91763.973	0.139	13.908	
..\test\CPX22_MLCLSP\classap\G5013320\	301		104156.625	91803.103	0.119	11.860	
..\test\CPX22_MLCLSP\classap\G5013400\	301		117828.500	103453.979	0.122	12.199	
..\test\CPX22_MLCLSP\classap\G5013410\	301		117455.687	101573.288	0.135	13.522	
..\test\CPX22_MLCLSP\classap\G5013420\	301		114937.250	99592.454	0.134	13.350	
..\test\CPX22_MLCLSP\classap\G5014300\	301		118158.802	104141.053	0.119	11.863	
..\test\CPX22_MLCLSP\classap\G5014310\	301		119999.504	103489.122	0.138	13.759	
..\test\CPX22_MLCLSP\classap\G5014320\	300		119269.191	107089.421	0.102	10.212	
..\test\CPX22_MLCLSP\classap\G5014400\	301		124466.538	110004.449	0.116	11.619	
..\test\CPX22_MLCLSP\classap\G5014410\	301		126656.078	110926.158	0.124	12.419	
..\test\CPX22_MLCLSP\classap\G5014420\	300		129859.088	115566.614	0.110	11.006	
..\test\CPX22_MLCLSP\classap\G5015300\	300		139162.723	128476.782	0.077	7.679	
..\test\CPX22_MLCLSP\classap\G5015310\	300		126085.302	113196.741	0.102	10.222	
..\test\CPX22_MLCLSP\classap\G5015320\	300		129662.730	116867.701	0.099	9.868	
..\test\CPX22_MLCLSP\classap\G5015400\	300		172194.794	160287.962	0.069	6.915	
..\test\CPX22_MLCLSP\classap\G5015410\	300		153846.148	138185.205	0.102	10.180	
..\test\CPX22_MLCLSP\classap\G5015420\	300		154234.668	143494.397	0.070	6.964	
..\test\CPX22_MLCLSP\classap\G5021300\	300		164839.683	154378.664	0.063	6.346	
..\test\CPX22_MLCLSP\classap\G5021310\	301		146579.610	125051.007	0.147	14.687	
..\test\CPX22_MLCLSP\classap\G5021320\	300		604922.721	601907.115	0.005	0.499	
..\test\CPX22_MLCLSP\classap\G5021400\	300		204004.946	199486.272	0.022	2.215	
..\test\CPX22_MLCLSP\classap\G5021410\	300		171365.903	149751.390	0.126	12.613	
..\test\CPX22_MLCLSP\classap\G5021420\	286		670042.643	670035.947	0.000	0.001	
..\test\CPX22_MLCLSP\classap\G5022300\	301		121182.710	107072.463	0.116	11.644	
..\test\CPX22_MLCLSP\classap\G5022310\	301		118220.205	104669.089	0.115	11.463	
..\test\CPX22_MLCLSP\classap\G5022320\	301		117967.932	105537.078	0.105	10.537	
..\test\CPX22_MLCLSP\classap\G5022400\	300		133968.940	124638.436	0.070	6.965	
..\test\CPX22_MLCLSP\classap\G5022410\	300		131848.686	119231.984	0.096	9.569	
..\test\CPX22_MLCLSP\classap\G5022420\	300		133638.915	121166.245	0.093	9.333	
..\test\CPX22_MLCLSP\classap\G5023300\	300		107569.000	95321.570	0.114	11.386	
..\test\CPX22_MLCLSP\classap\G5023310\	301		105772.000	92582.006	0.125	12.470	
..\test\CPX22_MLCLSP\classap\G5023320\	300		105476.000	93282.988	0.116	11.560	
..\test\CPX22_MLCLSP\classap\G5023400\	301		118770.500	103523.189	0.128	12.838	
..\test\CPX22_MLCLSP\classap\G5023410\	300		116732.500	103155.286	0.116	11.631	
..\test\CPX22_MLCLSP\classap\G5023420\	300		115952.000	103059.620	0.111	11.119	
..\test\CPX22_MLCLSP\classap\G5024300\	301		121417.902	106391.329	0.124	12.376	
..\test\CPX22_MLCLSP\classap\G5024310\	301		120060.290	104059.032	0.133	13.328	
..\test\CPX22_MLCLSP\classap\G5024320\	301		327089.912	315107.572	0.037	3.663	
..\test\CPX22_MLCLSP\classap\G5024400\	300		126362.980	111247.068	0.120	11.962	
..\test\CPX22_MLCLSP\classap\G5024410\	300		125858.116	110994.450	0.118	11.810	
..\test\CPX22_MLCLSP\classap\G5024420\	300		334457.628	323157.432	0.034	3.379	
..\test\CPX22_MLCLSP\classap\G5025300\	300		151310.560	140313.241	0.073	7.268	
..\test\CPX22_MLCLSP\classap\G5025310\	300		127729.827	114402.930	0.104	10.434	
..\test\CPX22_MLCLSP\classap\G5025320\	300		373709.545	364596.037	0.024	2.439	
..\test\CPX22_MLCLSP\classap\G5025400\	300		189582.674	180768.826	0.046	4.649	
..\test\CPX22_MLCLSP\classap\G5025410\	300		151774.348	138806.380	0.085	8.544	
..\test\CPX22_MLCLSP\classap\G5025420\	300		411391.110	406564.216	0.012	1.173	
..\test\CPX22_MLCLSP\classap\K5011300\	300		201883.039	188919.007	0.064	6.422	
..\test\CPX22_MLCLSP\classap\K5011310\	300		126661.430	103635.979	0.182	18.179	
..\test\CPX22_MLCLSP\classap\K5011320\	301		124250.470	105896.682	0.148	14.771	
..\test\CPX22_MLCLSP\classap\K5011400\	302		266194.724	243062.041	0.087	8.690	
..\test\CPX22_MLCLSP\classap\K5011410\	301		172533.047	134056.842	0.223	22.301	
..\test\CPX22_MLCLSP\classap\K5011420\	302		163304.262	133838.430	0.180	18.043	
..\test\CPX22_MLCLSP\classap\K5012300\	300		106241.005	91436.973	0.139	13.934	
..\test\CPX22_MLCLSP\classap\K5012310\	300		105822.354	90318.642	0.147	14.651	
..\test\CPX22_MLCLSP\classap\K5012320\	301		103172.172	86618.404	0.160	16.045	
..\test\CPX22_MLCLSP\classap\K5012400\	301		138289.993	117427.509	0.151	15.086	
..\test\CPX22_MLCLSP\classap\K5012410\	300		130571.391	114087.267	0.126	12.625	
..\test\CPX22_MLCLSP\classap\K5012420\	302		127546.232	109396.991	0.142	14.229	
..\test\CPX22_MLCLSP\classap\K5013300\	300		93531.000	79377.430	0.151	15.132	
..\test\CPX22_MLCLSP\classap\K5013310\	300		97261.500	81668.433	0.160	16.032	
..\test\CPX22_MLCLSP\classap\K5013320\	301		94087.000	78624.494	0.164	16.434	
..\test\CPX22_MLCLSP\classap\K5013400\	301		119896.250	98008.447	0.183	18.255	
..\test\CPX22_MLCLSP\classap\K5013410\	300		118478.500	97217.795	0.179	17.945	
..\test\CPX22_MLCLSP\classap\K5013420\	302		114788.625	95226.944	0.170	17.041	
..\test\CPX22_MLCLSP\classap\K5014300\	301		122588.597	107159.241	0.126	12.586	
..\test\CPX22_MLCLSP\classap\K5014310\	300		109097.264	94208.668	0.136	13.647	
..\test\CPX22_MLCLSP\classap\K5014320\	302		109063.336	93903.947	0.139	13.899	
..\test\CPX22_MLCLSP\classap\K5014400\	301		144918.921	125413.653	0.135	13.459	
..\test\CPX22_MLCLSP\classap\K5014410\	302		132553.889	109898.554	0.171	17.091	
..\test\CPX22_MLCLSP\classap\K5014420\	302		133856.725	109110.314	0.185	18.487	
..\test\CPX22_MLCLSP\classap\K5015300\	300		149100.752	136861.747	0.082	8.208	
..\test\CPX22_MLCLSP\classap\K5015310\	300		112056.149	94125.449	0.160	16.001	
..\test\CPX22_MLCLSP\classap\K5015320\	301		108638.873	91719.381	0.156	15.574	
..\test\CPX22_MLCLSP\classap\K5015400\	300		200934.651	180671.291	0.101	10.085	
..\test\CPX22_MLCLSP\classap\K5015410\	300		151198.086	121794.684	0.194	19.447	
..\test\CPX22_MLCLSP\classap\K5015420\	301		144440.460	119384.035	0.173	17.347	
..\test\CPX22_MLCLSP\classap\K5021300\	300		129148.967	112757.646	0.127	12.692	
..\test\CPX22_MLCLSP\classap\K5021310\	301		119097.740	97306.255	0.183	18.297	
..\test\CPX22_MLCLSP\classap\K5021320\	300		116846.375	99406.407	0.149	14.925	
..\test\CPX22_MLCLSP\classap\K5021400\	300		183267.388	151451.247	0.174	17.360	
..\test\CPX22_MLCLSP\classap\K5021410\	302		150819.466	125391.682	0.169	16.860	
..\test\CPX22_MLCLSP\classap\K5021420\	300		149505.874	126594.745	0.153	15.324	
..\test\CPX22_MLCLSP\classap\K5022300\	300		109021.426	90954.671	0.166	16.572	
..\test\CPX22_MLCLSP\classap\K5022310\	300		103787.909	86631.217	0.165	16.530	
..\test\CPX22_MLCLSP\classap\K5022320\	300		101060.507	83538.915	0.173	17.338	
..\test\CPX22_MLCLSP\classap\K5022400\	301		135216.128	115603.085	0.145	14.505	
..\test\CPX22_MLCLSP\classap\K5022410\	301		130434.258	108983.317	0.164	16.446	
..\test\CPX22_MLCLSP\classap\K5022420\	302		124741.720	105693.800	0.153	15.270	
..\test\CPX22_MLCLSP\classap\K5023300\	300		96519.250	82289.619	0.147	14.743	
..\test\CPX22_MLCLSP\classap\K5023310\	300		92921.000	78609.268	0.154	15.402	
..\test\CPX22_MLCLSP\classap\K5023320\	302		90707.000	76262.887	0.159	15.924	
..\test\CPX22_MLCLSP\classap\K5023400\	300		120024.000	100376.496	0.164	16.370	
..\test\CPX22_MLCLSP\classap\K5023410\	302		116598.000	96340.832	0.174	17.373	
..\test\CPX22_MLCLSP\classap\K5023420\	302		114725.000	92588.717	0.193	19.295	
..\test\CPX22_MLCLSP\classap\K5024300\	300		110029.495	95225.785	0.135	13.454	
..\test\CPX22_MLCLSP\classap\K5024310\	301		107983.050	92462.648	0.144	14.373	
..\test\CPX22_MLCLSP\classap\K5024320\	300		105527.108	91917.635	0.129	12.897	
..\test\CPX22_MLCLSP\classap\K5024400\	302		134937.857	113291.752	0.160	16.041	
..\test\CPX22_MLCLSP\classap\K5024410\	302		129254.050	106885.111	0.173	17.306	
..\test\CPX22_MLCLSP\classap\K5024420\	300		129406.094	107179.099	0.172	17.176	
..\test\CPX22_MLCLSP\classap\K5025300\	300		116194.692	101666.238	0.125	12.503	
..\test\CPX22_MLCLSP\classap\K5025310\	300		104556.898	88732.632	0.151	15.134	
..\test\CPX22_MLCLSP\classap\K5025320\	301		103715.941	87840.712	0.153	15.306	
..\test\CPX22_MLCLSP\classap\K5025400\	300		164904.228	134755.451	0.183	18.282	
..\test\CPX22_MLCLSP\classap\K5025410\	300		136409.411	114296.913	0.162	16.210	
..\test\CPX22_MLCLSP\classap\K5025420\	300		132551.095	114666.673	0.135	13.492	
..\test\CPX22_MLCLSP\classap\G5011300\	3605.000		152608.273	140279.526	0.081	8.079
..\test\CPX22_MLCLSP\classap\G5011310\	3607.000		144792.981	125930.431	0.130	13.027
..\test\CPX22_MLCLSP\classap\G5011320\	3603.000		151922.535	140058.136	0.078	7.809
..\test\CPX22_MLCLSP\classap\G5011400\	3612.000		180078.561	174701.983	0.030	2.986
..\test\CPX22_MLCLSP\classap\G5011410\	3606.000		167395.422	152414.797	0.089	8.949
..\test\CPX22_MLCLSP\classap\G5011420\	3601.000		187748.262	174528.866	0.070	7.041
..\test\CPX22_MLCLSP\classap\G5012300\	3613.000		119538.413	108263.153	0.094	9.432
..\test\CPX22_MLCLSP\classap\G5012310\	3614.000		116330.355	104821.384	0.099	9.893
..\test\CPX22_MLCLSP\classap\G5012320\	3613.000		114521.415	103620.666	0.095	9.518
..\test\CPX22_MLCLSP\classap\G5012400\	3605.000		133761.122	124807.226	0.067	6.694
..\test\CPX22_MLCLSP\classap\G5012410\	3612.000		130628.643	121112.037	0.073	7.285
..\test\CPX22_MLCLSP\classap\G5012420\	3612.000		129886.419	118954.633	0.084	8.416
..\test\CPX22_MLCLSP\classap\G5013300\	3611.000		107613.000	94707.430	0.120	11.992
..\test\CPX22_MLCLSP\classap\G5013310\	3613.000		107195.000	92967.524	0.133	13.272
..\test\CPX22_MLCLSP\classap\G5013320\	3615.000		103971.000	92993.636	0.106	10.558
..\test\CPX22_MLCLSP\classap\G5013400\	3612.000		117256.500	105491.546	0.100	10.033
..\test\CPX22_MLCLSP\classap\G5013410\	3612.000		116406.625	103698.636	0.109	10.917
..\test\CPX22_MLCLSP\classap\G5013420\	3613.000		113738.250	101953.884	0.104	10.361
..\test\CPX22_MLCLSP\classap\G5014300\	3613.000		117434.507	105140.517	0.105	10.469
..\test\CPX22_MLCLSP\classap\G5014310\	3613.000		118981.726	104520.667	0.122	12.154
..\test\CPX22_MLCLSP\classap\G5014320\	3616.000		119269.191	108226.771	0.093	9.258
..\test\CPX22_MLCLSP\classap\G5014400\	3614.000		124481.448	111757.640	0.102	10.221
..\test\CPX22_MLCLSP\classap\G5014410\	3612.000		125254.433	112854.098	0.099	9.900
..\test\CPX22_MLCLSP\classap\G5014420\	3610.000		128114.671	117343.062	0.084	8.408
..\test\CPX22_MLCLSP\classap\G5015300\	3606.000		139162.723	129497.146	0.069	6.945
..\test\CPX22_MLCLSP\classap\G5015310\	3601.000		126085.302	114375.976	0.093	9.287
..\test\CPX22_MLCLSP\classap\G5015320\	3614.000		128735.367	118088.056	0.083	8.271
..\test\CPX22_MLCLSP\classap\G5015400\	3601.000		171774.008	164509.703	0.042	4.229
..\test\CPX22_MLCLSP\classap\G5015410\	3601.000		150786.909	140914.777	0.065	6.547
..\test\CPX22_MLCLSP\classap\G5015420\	3601.000		154236.315	145076.390	0.059	5.939
..\test\CPX22_MLCLSP\classap\G5021300\	3602.000		164629.202	156088.653	0.052	5.188
..\test\CPX22_MLCLSP\classap\G5021310\	3616.000		146423.459	126554.962	0.136	13.569
..\test\CPX22_MLCLSP\classap\G5021320\	1292.000		604922.721	604916.673	0.000	0.001
..\test\CPX22_MLCLSP\classap\G5021400\	946.000		204004.947	204002.909	0.000	0.001
..\test\CPX22_MLCLSP\classap\G5021410\	3606.000		171857.849	152086.527	0.115	11.504
..\test\CPX22_MLCLSP\classap\G5021420\	285.000		670042.643	670035.947	0.000	0.001
..\test\CPX22_MLCLSP\classap\G5022300\	3615.000		120636.435	108086.589	0.104	10.403
..\test\CPX22_MLCLSP\classap\G5022310\	3614.000		117399.507	105311.144	0.103	10.297
..\test\CPX22_MLCLSP\classap\G5022320\	3615.000		117848.503	106595.302	0.095	9.549
..\test\CPX22_MLCLSP\classap\G5022400\	3611.000		133861.414	126365.612	0.056	5.600
..\test\CPX22_MLCLSP\classap\G5022410\	3612.000		131848.686	121046.542	0.082	8.193
..\test\CPX22_MLCLSP\classap\G5022420\	3610.000		132269.628	123050.330	0.070	6.970
..\test\CPX22_MLCLSP\classap\G5023300\	3613.000		107260.500	96393.749	0.101	10.131
..\test\CPX22_MLCLSP\classap\G5023310\	3615.000		105713.000	93740.929	0.113	11.325
..\test\CPX22_MLCLSP\classap\G5023320\	3616.000		105476.000	94507.603	0.104	10.399
..\test\CPX22_MLCLSP\classap\G5023400\	3600.000		117647.000	106002.597	0.099	9.898
..\test\CPX22_MLCLSP\classap\G5023410\	3601.000		116239.500	105481.451	0.093	9.255
..\test\CPX22_MLCLSP\classap\G5023420\	3614.000		115884.500	104742.949	0.096	9.614
..\test\CPX22_MLCLSP\classap\G5024300\	3606.000		119843.790	107190.923	0.106	10.558
..\test\CPX22_MLCLSP\classap\G5024310\	3616.000		117820.330	104967.018	0.109	10.909
..\test\CPX22_MLCLSP\classap\G5024320\	3616.000		326657.195	316036.534	0.033	3.251
..\test\CPX22_MLCLSP\classap\G5024400\	3607.000		125291.426	112852.513	0.099	9.928
..\test\CPX22_MLCLSP\classap\G5024410\	3614.000		125787.797	112536.325	0.105	10.535
..\test\CPX22_MLCLSP\classap\G5024420\	3601.000		333769.128	325644.094	0.024	2.434
..\test\CPX22_MLCLSP\classap\G5025300\	3605.000		150976.341	141501.782	0.063	6.275
..\test\CPX22_MLCLSP\classap\G5025310\	3601.000		127687.842	115342.677	0.097	9.668
..\test\CPX22_MLCLSP\classap\G5025320\	3616.000		372636.356	365857.590	0.018	1.819
..\test\CPX22_MLCLSP\classap\G5025400\	3600.000		190370.702	183924.310	0.034	3.386
..\test\CPX22_MLCLSP\classap\G5025410\	3601.000		152147.715	141864.690	0.068	6.759
..\test\CPX22_MLCLSP\classap\G5025420\	3601.000		411391.110	408170.198	0.008	0.783
..\test\CPX22_MLCLSP\classap\K5011300\	3618.000		201883.039	190478.597	0.056	5.649
..\test\CPX22_MLCLSP\classap\K5011310\	3613.000		125249.070	105223.344	0.160	15.989
..\test\CPX22_MLCLSP\classap\K5011320\	3618.000		122117.544	107065.158	0.123	12.326
..\test\CPX22_MLCLSP\classap\K5011400\	3617.000		261503.047	245243.086	0.062	6.218
..\test\CPX22_MLCLSP\classap\K5011410\	3615.000		170645.146	136157.884	0.202	20.210
..\test\CPX22_MLCLSP\classap\K5011420\	3617.000		162902.254	135251.445	0.170	16.974
..\test\CPX22_MLCLSP\classap\K5012300\	3601.000		106149.160	92462.599	0.129	12.894
..\test\CPX22_MLCLSP\classap\K5012310\	3606.000		105140.726	91040.086	0.134	13.411
..\test\CPX22_MLCLSP\classap\K5012320\	3615.000		101377.733	87521.315	0.137	13.668
..\test\CPX22_MLCLSP\classap\K5012400\	3615.000		135813.853	119104.950	0.123	12.303
..\test\CPX22_MLCLSP\classap\K5012410\	3615.000		131329.594	115683.935	0.119	11.913
..\test\CPX22_MLCLSP\classap\K5012420\	3618.000		127028.303	110523.622	0.130	12.993
..\test\CPX22_MLCLSP\classap\K5013300\	3601.000		93194.000	80333.822	0.138	13.799
..\test\CPX22_MLCLSP\classap\K5013310\	3616.000		95685.000	82436.673	0.138	13.846
..\test\CPX22_MLCLSP\classap\K5013320\	3613.000		93206.000	79184.696	0.150	15.043
..\test\CPX22_MLCLSP\classap\K5013400\	3618.000		118452.000	99716.508	0.158	15.817
..\test\CPX22_MLCLSP\classap\K5013410\	3601.000		118134.500	98641.609	0.165	16.500
..\test\CPX22_MLCLSP\classap\K5013420\	3614.000		113465.750	96628.987	0.148	14.838
..\test\CPX22_MLCLSP\classap\K5014300\	3618.000		121868.928	107935.202	0.114	11.433
..\test\CPX22_MLCLSP\classap\K5014310\	3607.000		109161.486	94886.065	0.131	13.077
..\test\CPX22_MLCLSP\classap\K5014320\	3617.000		108049.730	94856.721	0.122	12.210
..\test\CPX22_MLCLSP\classap\K5014400\	3615.000		143933.688	126744.640	0.119	11.942
..\test\CPX22_MLCLSP\classap\K5014410\	3614.000		132127.254	111303.722	0.158	15.760
..\test\CPX22_MLCLSP\classap\K5014420\	3619.000		130015.252	110144.039	0.153	15.284
..\test\CPX22_MLCLSP\classap\K5015300\	3602.000		148512.517	137831.077	0.072	7.192
..\test\CPX22_MLCLSP\classap\K5015310\	3608.000		111799.720	94935.229	0.151	15.084
..\test\CPX22_MLCLSP\classap\K5015320\	3606.000		107621.983	92411.072	0.141	14.134
..\test\CPX22_MLCLSP\classap\K5015400\	3623.000		200934.651	182369.287	0.092	9.239
..\test\CPX22_MLCLSP\classap\K5015410\	3603.000		152209.356	123280.310	0.190	19.006
..\test\CPX22_MLCLSP\classap\K5015420\	3615.000		143411.276	120856.913	0.157	15.727
..\test\CPX22_MLCLSP\classap\K5021300\	3604.000		129161.562	113961.565	0.118	11.768
..\test\CPX22_MLCLSP\classap\K5021310\	3615.000		113915.746	98479.263	0.136	13.551
..\test\CPX22_MLCLSP\classap\K5021320\	3616.000		116115.348	100524.941	0.134	13.427
..\test\CPX22_MLCLSP\classap\K5021400\	3603.000		181142.044	153402.367	0.153	15.314
..\test\CPX22_MLCLSP\classap\K5021410\	3614.000		146558.766	126805.201	0.135	13.478
..\test\CPX22_MLCLSP\classap\K5021420\	3615.000		149518.967	127715.898	0.146	14.582
..\test\CPX22_MLCLSP\classap\K5022300\	3610.000		108284.436	91681.637	0.153	15.332
..\test\CPX22_MLCLSP\classap\K5022310\	3605.000		103881.126	87314.939	0.159	15.947
..\test\CPX22_MLCLSP\classap\K5022320\	3615.000		98642.713	84412.425	0.144	14.426
..\test\CPX22_MLCLSP\classap\K5022400\	3614.000		133538.507	117256.036	0.122	12.193
..\test\CPX22_MLCLSP\classap\K5022410\	3619.000		126691.332	110322.906	0.129	12.920
..\test\CPX22_MLCLSP\classap\K5022420\	3616.000		123272.851	106469.455	0.136	13.631
..\test\CPX22_MLCLSP\classap\K5023300\	3601.000		96837.000	83011.917	0.143	14.277
..\test\CPX22_MLCLSP\classap\K5023310\	3606.000		93087.000	79331.515	0.148	14.777
..\test\CPX22_MLCLSP\classap\K5023320\	3618.000		89937.000	76982.911	0.144	14.403
..\test\CPX22_MLCLSP\classap\K5023400\	3613.000		119786.000	101629.864	0.152	15.157
..\test\CPX22_MLCLSP\classap\K5023410\	3617.000		114378.000	97725.824	0.146	14.559
..\test\CPX22_MLCLSP\classap\K5023420\	3617.000		112273.500	93975.099	0.163	16.298
..\test\CPX22_MLCLSP\classap\K5024300\	3604.000		109708.012	96224.147	0.123	12.291
..\test\CPX22_MLCLSP\classap\K5024310\	3610.000		105806.974	93253.763	0.119	11.864
..\test\CPX22_MLCLSP\classap\K5024320\	3607.000		105527.108	92673.158	0.122	12.181
..\test\CPX22_MLCLSP\classap\K5024400\	3617.000		132526.160	114827.247	0.134	13.355
..\test\CPX22_MLCLSP\classap\K5024410\	3615.000		128038.835	107801.266	0.158	15.806
..\test\CPX22_MLCLSP\classap\K5024420\	3614.000		127356.488	108075.864	0.151	15.139
..\test\CPX22_MLCLSP\classap\K5025300\	3603.000		115932.622	102672.977	0.114	11.437
..\test\CPX22_MLCLSP\classap\K5025310\	3611.000		105239.068	89761.547	0.147	14.707
..\test\CPX22_MLCLSP\classap\K5025320\	3611.000		102980.475	88824.615	0.137	13.746
..\test\CPX22_MLCLSP\classap\K5025400\	3601.000		162518.227	137320.280	0.155	15.505
..\test\CPX22_MLCLSP\classap\K5025410\	3614.000		135749.477	115250.285	0.151	15.101
..\test\CPX22_MLCLSP\classap\K5025420\	3615.000		130522.575	115701.861	0.114	11.355
