Modelname
G-5-0-2-3-4-2-0
NumberOfPeriods,Items,Resources
24	10	3
SetupCost,HoldingCost,LeadTime,InitialInventory,NameOfItem
140	4	0	0	Item_1
60	7	0	0	Item_2
100	6	0	0	Item_3
200	3	0	0	Item_4
800	3	0	0	Item_5
640	3	0	0	Item_6
1200	2	0	0	Item_7
1800	1	0	0	Item_8
3240	1	0	0	Item_9
4140	1	0	0	Item_10
BOM(c_ij=NumberOfItems_i_NecessaryToProduceItem_j)
0	0	0	0	0	0	0	0	0	0	
0	0	0	0	0	0	0	0	0	0	
0	0	0	0	0	0	0	0	0	0	
0	0	0	0	0	0	0	0	0	0	
1	1	0	0	0	0	0	0	0	0	
0	1	1	0	0	0	0	0	0	0	
0	0	1	1	0	0	0	0	0	0	
0	0	0	0	1	0	0	0	0	0	
0	0	0	0	1	1	0	0	0	0	
0	0	0	0	0	1	1	0	0	0	
ExternalDemandForEachItemAndPeriod
33	33	34	40	48	51	72	84	119	133	94	101	119	93	95	72	105	85	84	101	62	54	51	27	
12	14	16	26	23	25	32	38	40	26	43	49	59	37	44	37	49	27	20	24	22	20	18	15	
27	23	20	38	47	34	53	58	69	73	74	80	86	90	60	63	59	51	42	55	43	44	35	31	
53	43	75	41	57	51	103	165	170	88	119	170	150	173	119	116	162	111	67	93	73	78	60	58	
0	0	0	0	0	0	0	0	0	0	0	0	0	0	0	0	0	0	0	0	0	0	0	0	
0	0	0	0	0	0	0	0	0	0	0	0	0	0	0	0	0	0	0	0	0	0	0	0	
0	0	0	0	0	0	0	0	0	0	0	0	0	0	0	0	0	0	0	0	0	0	0	0	
0	0	0	0	0	0	0	0	0	0	0	0	0	0	0	0	0	0	0	0	0	0	0	0	
0	0	0	0	0	0	0	0	0	0	0	0	0	0	0	0	0	0	0	0	0	0	0	0	
0	0	0	0	0	0	0	0	0	0	0	0	0	0	0	0	0	0	0	0	0	0	0	0	
MaximumCapacityForEachResourceAndPeriod
360	360	360	360	360	360	360	360	360	360	360	360	360	360	360	360	360	360	360	360	360	360	360	360	
600	600	600	600	600	600	600	600	600	600	600	600	600	600	600	600	600	600	600	600	600	600	600	600	
1220	1220	1220	1220	1220	1220	1220	1220	1220	1220	1220	1220	1220	1220	1220	1220	1220	1220	1220	1220	1220	1220	1220	1220	
CapacityNeedsForProductionForEachResourceAndItem
1	1	0	0	0	1	0	0	0	0	
0	0	1	1	0	0	1	0	0	0	
0	0	0	0	1	0	0	1	1	1	
CapacityNeedsForSetupForEachResourceAndItem
0	0	0	0	0	0	0	0	0	0	
0	0	0	0	0	0	0	0	0	0	
0	0	0	0	0	0	0	0	0	0	
OverTimeCostsForEachResource
10000	10000	10000	